PAD PAD PAD PAD 000 001 PAD 028 029
PAD PAD PAD 000 001 002 028 029 030
PAD PAD PAD 001 002 003 029 030 031
PAD PAD PAD 002 003 004 030 031 032
PAD PAD PAD 003 004 005 031 032 033
PAD PAD PAD 004 005 006 032 033 034
PAD PAD PAD 005 006 007 033 034 035
PAD PAD PAD 006 007 008 034 035 036
PAD PAD PAD 007 008 009 035 036 037
PAD PAD PAD 008 009 010 036 037 038
PAD PAD PAD 009 010 011 037 038 039
PAD PAD PAD 010 011 012 038 039 040
PAD PAD PAD 011 012 013 039 040 041
PAD PAD PAD 012 013 014 040 041 042
PAD PAD PAD 013 014 015 041 042 043
PAD PAD PAD 014 015 016 042 043 044
PAD PAD PAD 015 016 017 043 044 045
PAD PAD PAD 016 017 018 044 045 046
PAD PAD PAD 017 018 019 045 046 047
PAD PAD PAD 018 019 020 046 047 048
PAD PAD PAD 019 020 021 047 048 049
PAD PAD PAD 020 021 022 048 049 050
PAD PAD PAD 021 022 023 049 050 051
PAD PAD PAD 022 023 024 050 051 052
PAD PAD PAD 023 024 025 051 052 053
PAD PAD PAD 024 025 026 052 053 054
PAD PAD PAD 025 026 027 053 054 055
PAD PAD PAD 026 027 PAD 054 055 PAD
PAD 000 001 PAD 028 029 PAD 056 057
000 001 002 028 029 030 056 057 058
001 002 003 029 030 031 057 058 059
002 003 004 030 031 032 058 059 060
003 004 005 031 032 033 059 060 061
004 005 006 032 033 034 060 061 062
005 006 007 033 034 035 061 062 063
006 007 008 034 035 036 062 063 064
007 008 009 035 036 037 063 064 065
008 009 010 036 037 038 064 065 066
009 010 011 037 038 039 065 066 067
010 011 012 038 039 040 066 067 068
011 012 013 039 040 041 067 068 069
012 013 014 040 041 042 068 069 070
013 014 015 041 042 043 069 070 071
014 015 016 042 043 044 070 071 072
015 016 017 043 044 045 071 072 073
016 017 018 044 045 046 072 073 074
017 018 019 045 046 047 073 074 075
018 019 020 046 047 048 074 075 076
019 020 021 047 048 049 075 076 077
020 021 022 048 049 050 076 077 078
021 022 023 049 050 051 077 078 079
022 023 024 050 051 052 078 079 080
023 024 025 051 052 053 079 080 081
024 025 026 052 053 054 080 081 082
025 026 027 053 054 055 081 082 083
026 027 PAD 054 055 PAD 082 083 PAD
PAD 028 029 PAD 056 057 PAD 084 085
028 029 030 056 057 058 084 085 086
029 030 031 057 058 059 085 086 087
030 031 032 058 059 060 086 087 088
031 032 033 059 060 061 087 088 089
032 033 034 060 061 062 088 089 090
033 034 035 061 062 063 089 090 091
034 035 036 062 063 064 090 091 092
035 036 037 063 064 065 091 092 093
036 037 038 064 065 066 092 093 094
037 038 039 065 066 067 093 094 095
038 039 040 066 067 068 094 095 096
039 040 041 067 068 069 095 096 097
040 041 042 068 069 070 096 097 098
041 042 043 069 070 071 097 098 099
042 043 044 070 071 072 098 099 100
043 044 045 071 072 073 099 100 101
044 045 046 072 073 074 100 101 102
045 046 047 073 074 075 101 102 103
046 047 048 074 075 076 102 103 104
047 048 049 075 076 077 103 104 105
048 049 050 076 077 078 104 105 106
049 050 051 077 078 079 105 106 107
050 051 052 078 079 080 106 107 108
051 052 053 079 080 081 107 108 109
052 053 054 080 081 082 108 109 110
053 054 055 081 082 083 109 110 111
054 055 PAD 082 083 PAD 110 111 PAD
PAD 056 057 PAD 084 085 PAD 112 113
056 057 058 084 085 086 112 113 114
057 058 059 085 086 087 113 114 115
058 059 060 086 087 088 114 115 116
059 060 061 087 088 089 115 116 117
060 061 062 088 089 090 116 117 118
061 062 063 089 090 091 117 118 119
062 063 064 090 091 092 118 119 120
063 064 065 091 092 093 119 120 121
064 065 066 092 093 094 120 121 122
065 066 067 093 094 095 121 122 123
066 067 068 094 095 096 122 123 124
067 068 069 095 096 097 123 124 125
068 069 070 096 097 098 124 125 126
069 070 071 097 098 099 125 126 127
070 071 072 098 099 100 126 127 128
071 072 073 099 100 101 127 128 129
072 073 074 100 101 102 128 129 130
073 074 075 101 102 103 129 130 131
074 075 076 102 103 104 130 131 132
075 076 077 103 104 105 131 132 133
076 077 078 104 105 106 132 133 134
077 078 079 105 106 107 133 134 135
078 079 080 106 107 108 134 135 136
079 080 081 107 108 109 135 136 137
080 081 082 108 109 110 136 137 138
081 082 083 109 110 111 137 138 139
082 083 PAD 110 111 PAD 138 139 PAD
PAD 084 085 PAD 112 113 PAD 140 141
084 085 086 112 113 114 140 141 142
085 086 087 113 114 115 141 142 143
086 087 088 114 115 116 142 143 144
087 088 089 115 116 117 143 144 145
088 089 090 116 117 118 144 145 146
089 090 091 117 118 119 145 146 147
090 091 092 118 119 120 146 147 148
091 092 093 119 120 121 147 148 149
092 093 094 120 121 122 148 149 150
093 094 095 121 122 123 149 150 151
094 095 096 122 123 124 150 151 152
095 096 097 123 124 125 151 152 153
096 097 098 124 125 126 152 153 154
097 098 099 125 126 127 153 154 155
098 099 100 126 127 128 154 155 156
099 100 101 127 128 129 155 156 157
100 101 102 128 129 130 156 157 158
101 102 103 129 130 131 157 158 159
102 103 104 130 131 132 158 159 160
103 104 105 131 132 133 159 160 161
104 105 106 132 133 134 160 161 162
105 106 107 133 134 135 161 162 163
106 107 108 134 135 136 162 163 164
107 108 109 135 136 137 163 164 165
108 109 110 136 137 138 164 165 166
109 110 111 137 138 139 165 166 167
110 111 PAD 138 139 PAD 166 167 PAD
PAD 112 113 PAD 140 141 PAD 168 169
112 113 114 140 141 142 168 169 170
113 114 115 141 142 143 169 170 171
114 115 116 142 143 144 170 171 172
115 116 117 143 144 145 171 172 173
116 117 118 144 145 146 172 173 174
117 118 119 145 146 147 173 174 175
118 119 120 146 147 148 174 175 176
119 120 121 147 148 149 175 176 177
120 121 122 148 149 150 176 177 178
121 122 123 149 150 151 177 178 179
122 123 124 150 151 152 178 179 180
123 124 125 151 152 153 179 180 181
124 125 126 152 153 154 180 181 182
125 126 127 153 154 155 181 182 183
126 127 128 154 155 156 182 183 184
127 128 129 155 156 157 183 184 185
128 129 130 156 157 158 184 185 186
129 130 131 157 158 159 185 186 187
130 131 132 158 159 160 186 187 188
131 132 133 159 160 161 187 188 189
132 133 134 160 161 162 188 189 190
133 134 135 161 162 163 189 190 191
134 135 136 162 163 164 190 191 192
135 136 137 163 164 165 191 192 193
136 137 138 164 165 166 192 193 194
137 138 139 165 166 167 193 194 195
138 139 PAD 166 167 PAD 194 195 PAD
PAD 140 141 PAD 168 169 PAD 196 197
140 141 142 168 169 170 196 197 198
141 142 143 169 170 171 197 198 199
142 143 144 170 171 172 198 199 200
143 144 145 171 172 173 199 200 201
144 145 146 172 173 174 200 201 202
145 146 147 173 174 175 201 202 203
146 147 148 174 175 176 202 203 204
147 148 149 175 176 177 203 204 205
148 149 150 176 177 178 204 205 206
149 150 151 177 178 179 205 206 207
150 151 152 178 179 180 206 207 208
151 152 153 179 180 181 207 208 209
152 153 154 180 181 182 208 209 210
153 154 155 181 182 183 209 210 211
154 155 156 182 183 184 210 211 212
155 156 157 183 184 185 211 212 213
156 157 158 184 185 186 212 213 214
157 158 159 185 186 187 213 214 215
158 159 160 186 187 188 214 215 216
159 160 161 187 188 189 215 216 217
160 161 162 188 189 190 216 217 218
161 162 163 189 190 191 217 218 219
162 163 164 190 191 192 218 219 220
163 164 165 191 192 193 219 220 221
164 165 166 192 193 194 220 221 222
165 166 167 193 194 195 221 222 223
166 167 PAD 194 195 PAD 222 223 PAD
PAD 168 169 PAD 196 197 PAD 224 225
168 169 170 196 197 198 224 225 226
169 170 171 197 198 199 225 226 227
170 171 172 198 199 200 226 227 228
171 172 173 199 200 201 227 228 229
172 173 174 200 201 202 228 229 230
173 174 175 201 202 203 229 230 231
174 175 176 202 203 204 230 231 232
175 176 177 203 204 205 231 232 233
176 177 178 204 205 206 232 233 234
177 178 179 205 206 207 233 234 235
178 179 180 206 207 208 234 235 236
179 180 181 207 208 209 235 236 237
180 181 182 208 209 210 236 237 238
181 182 183 209 210 211 237 238 239
182 183 184 210 211 212 238 239 240
183 184 185 211 212 213 239 240 241
184 185 186 212 213 214 240 241 242
185 186 187 213 214 215 241 242 243
186 187 188 214 215 216 242 243 244
187 188 189 215 216 217 243 244 245
188 189 190 216 217 218 244 245 246
189 190 191 217 218 219 245 246 247
190 191 192 218 219 220 246 247 248
191 192 193 219 220 221 247 248 249
192 193 194 220 221 222 248 249 250
193 194 195 221 222 223 249 250 251
194 195 PAD 222 223 PAD 250 251 PAD
PAD 196 197 PAD 224 225 PAD 252 253
196 197 198 224 225 226 252 253 254
197 198 199 225 226 227 253 254 255
198 199 200 226 227 228 254 255 256
199 200 201 227 228 229 255 256 257
200 201 202 228 229 230 256 257 258
201 202 203 229 230 231 257 258 259
202 203 204 230 231 232 258 259 260
203 204 205 231 232 233 259 260 261
204 205 206 232 233 234 260 261 262
205 206 207 233 234 235 261 262 263
206 207 208 234 235 236 262 263 264
207 208 209 235 236 237 263 264 265
208 209 210 236 237 238 264 265 266
209 210 211 237 238 239 265 266 267
210 211 212 238 239 240 266 267 268
211 212 213 239 240 241 267 268 269
212 213 214 240 241 242 268 269 270
213 214 215 241 242 243 269 270 271
214 215 216 242 243 244 270 271 272
215 216 217 243 244 245 271 272 273
216 217 218 244 245 246 272 273 274
217 218 219 245 246 247 273 274 275
218 219 220 246 247 248 274 275 276
219 220 221 247 248 249 275 276 277
220 221 222 248 249 250 276 277 278
221 222 223 249 250 251 277 278 279
222 223 PAD 250 251 PAD 278 279 PAD
PAD 224 225 PAD 252 253 PAD 280 281
224 225 226 252 253 254 280 281 282
225 226 227 253 254 255 281 282 283
226 227 228 254 255 256 282 283 284
227 228 229 255 256 257 283 284 285
228 229 230 256 257 258 284 285 286
229 230 231 257 258 259 285 286 287
230 231 232 258 259 260 286 287 288
231 232 233 259 260 261 287 288 289
232 233 234 260 261 262 288 289 290
233 234 235 261 262 263 289 290 291
234 235 236 262 263 264 290 291 292
235 236 237 263 264 265 291 292 293
236 237 238 264 265 266 292 293 294
237 238 239 265 266 267 293 294 295
238 239 240 266 267 268 294 295 296
239 240 241 267 268 269 295 296 297
240 241 242 268 269 270 296 297 298
241 242 243 269 270 271 297 298 299
242 243 244 270 271 272 298 299 300
243 244 245 271 272 273 299 300 301
244 245 246 272 273 274 300 301 302
245 246 247 273 274 275 301 302 303
246 247 248 274 275 276 302 303 304
247 248 249 275 276 277 303 304 305
248 249 250 276 277 278 304 305 306
249 250 251 277 278 279 305 306 307
250 251 PAD 278 279 PAD 306 307 PAD
PAD 252 253 PAD 280 281 PAD 308 309
252 253 254 280 281 282 308 309 310
253 254 255 281 282 283 309 310 311
254 255 256 282 283 284 310 311 312
255 256 257 283 284 285 311 312 313
256 257 258 284 285 286 312 313 314
257 258 259 285 286 287 313 314 315
258 259 260 286 287 288 314 315 316
259 260 261 287 288 289 315 316 317
260 261 262 288 289 290 316 317 318
261 262 263 289 290 291 317 318 319
262 263 264 290 291 292 318 319 320
263 264 265 291 292 293 319 320 321
264 265 266 292 293 294 320 321 322
265 266 267 293 294 295 321 322 323
266 267 268 294 295 296 322 323 324
267 268 269 295 296 297 323 324 325
268 269 270 296 297 298 324 325 326
269 270 271 297 298 299 325 326 327
270 271 272 298 299 300 326 327 328
271 272 273 299 300 301 327 328 329
272 273 274 300 301 302 328 329 330
273 274 275 301 302 303 329 330 331
274 275 276 302 303 304 330 331 332
275 276 277 303 304 305 331 332 333
276 277 278 304 305 306 332 333 334
277 278 279 305 306 307 333 334 335
278 279 PAD 306 307 PAD 334 335 PAD
PAD 280 281 PAD 308 309 PAD 336 337
280 281 282 308 309 310 336 337 338
281 282 283 309 310 311 337 338 339
282 283 284 310 311 312 338 339 340
283 284 285 311 312 313 339 340 341
284 285 286 312 313 314 340 341 342
285 286 287 313 314 315 341 342 343
286 287 288 314 315 316 342 343 344
287 288 289 315 316 317 343 344 345
288 289 290 316 317 318 344 345 346
289 290 291 317 318 319 345 346 347
290 291 292 318 319 320 346 347 348
291 292 293 319 320 321 347 348 349
292 293 294 320 321 322 348 349 350
293 294 295 321 322 323 349 350 351
294 295 296 322 323 324 350 351 352
295 296 297 323 324 325 351 352 353
296 297 298 324 325 326 352 353 354
297 298 299 325 326 327 353 354 355
298 299 300 326 327 328 354 355 356
299 300 301 327 328 329 355 356 357
300 301 302 328 329 330 356 357 358
301 302 303 329 330 331 357 358 359
302 303 304 330 331 332 358 359 360
303 304 305 331 332 333 359 360 361
304 305 306 332 333 334 360 361 362
305 306 307 333 334 335 361 362 363
306 307 PAD 334 335 PAD 362 363 PAD
PAD 308 309 PAD 336 337 PAD 364 365
308 309 310 336 337 338 364 365 366
309 310 311 337 338 339 365 366 367
310 311 312 338 339 340 366 367 368
311 312 313 339 340 341 367 368 369
312 313 314 340 341 342 368 369 370
313 314 315 341 342 343 369 370 371
314 315 316 342 343 344 370 371 372
315 316 317 343 344 345 371 372 373
316 317 318 344 345 346 372 373 374
317 318 319 345 346 347 373 374 375
318 319 320 346 347 348 374 375 376
319 320 321 347 348 349 375 376 377
320 321 322 348 349 350 376 377 378
321 322 323 349 350 351 377 378 379
322 323 324 350 351 352 378 379 380
323 324 325 351 352 353 379 380 381
324 325 326 352 353 354 380 381 382
325 326 327 353 354 355 381 382 383
326 327 328 354 355 356 382 383 384
327 328 329 355 356 357 383 384 385
328 329 330 356 357 358 384 385 386
329 330 331 357 358 359 385 386 387
330 331 332 358 359 360 386 387 388
331 332 333 359 360 361 387 388 389
332 333 334 360 361 362 388 389 390
333 334 335 361 362 363 389 390 391
334 335 PAD 362 363 PAD 390 391 PAD
PAD 336 337 PAD 364 365 PAD 392 393
336 337 338 364 365 366 392 393 394
337 338 339 365 366 367 393 394 395
338 339 340 366 367 368 394 395 396
339 340 341 367 368 369 395 396 397
340 341 342 368 369 370 396 397 398
341 342 343 369 370 371 397 398 399
342 343 344 370 371 372 398 399 400
343 344 345 371 372 373 399 400 401
344 345 346 372 373 374 400 401 402
345 346 347 373 374 375 401 402 403
346 347 348 374 375 376 402 403 404
347 348 349 375 376 377 403 404 405
348 349 350 376 377 378 404 405 406
349 350 351 377 378 379 405 406 407
350 351 352 378 379 380 406 407 408
351 352 353 379 380 381 407 408 409
352 353 354 380 381 382 408 409 410
353 354 355 381 382 383 409 410 411
354 355 356 382 383 384 410 411 412
355 356 357 383 384 385 411 412 413
356 357 358 384 385 386 412 413 414
357 358 359 385 386 387 413 414 415
358 359 360 386 387 388 414 415 416
359 360 361 387 388 389 415 416 417
360 361 362 388 389 390 416 417 418
361 362 363 389 390 391 417 418 419
362 363 PAD 390 391 PAD 418 419 PAD
PAD 364 365 PAD 392 393 PAD 420 421
364 365 366 392 393 394 420 421 422
365 366 367 393 394 395 421 422 423
366 367 368 394 395 396 422 423 424
367 368 369 395 396 397 423 424 425
368 369 370 396 397 398 424 425 426
369 370 371 397 398 399 425 426 427
370 371 372 398 399 400 426 427 428
371 372 373 399 400 401 427 428 429
372 373 374 400 401 402 428 429 430
373 374 375 401 402 403 429 430 431
374 375 376 402 403 404 430 431 432
375 376 377 403 404 405 431 432 433
376 377 378 404 405 406 432 433 434
377 378 379 405 406 407 433 434 435
378 379 380 406 407 408 434 435 436
379 380 381 407 408 409 435 436 437
380 381 382 408 409 410 436 437 438
381 382 383 409 410 411 437 438 439
382 383 384 410 411 412 438 439 440
383 384 385 411 412 413 439 440 441
384 385 386 412 413 414 440 441 442
385 386 387 413 414 415 441 442 443
386 387 388 414 415 416 442 443 444
387 388 389 415 416 417 443 444 445
388 389 390 416 417 418 444 445 446
389 390 391 417 418 419 445 446 447
390 391 PAD 418 419 PAD 446 447 PAD
PAD 392 393 PAD 420 421 PAD 448 449
392 393 394 420 421 422 448 449 450
393 394 395 421 422 423 449 450 451
394 395 396 422 423 424 450 451 452
395 396 397 423 424 425 451 452 453
396 397 398 424 425 426 452 453 454
397 398 399 425 426 427 453 454 455
398 399 400 426 427 428 454 455 456
399 400 401 427 428 429 455 456 457
400 401 402 428 429 430 456 457 458
401 402 403 429 430 431 457 458 459
402 403 404 430 431 432 458 459 460
403 404 405 431 432 433 459 460 461
404 405 406 432 433 434 460 461 462
405 406 407 433 434 435 461 462 463
406 407 408 434 435 436 462 463 464
407 408 409 435 436 437 463 464 465
408 409 410 436 437 438 464 465 466
409 410 411 437 438 439 465 466 467
410 411 412 438 439 440 466 467 468
411 412 413 439 440 441 467 468 469
412 413 414 440 441 442 468 469 470
413 414 415 441 442 443 469 470 471
414 415 416 442 443 444 470 471 472
415 416 417 443 444 445 471 472 473
416 417 418 444 445 446 472 473 474
417 418 419 445 446 447 473 474 475
418 419 PAD 446 447 PAD 474 475 PAD
PAD 420 421 PAD 448 449 PAD 476 477
420 421 422 448 449 450 476 477 478
421 422 423 449 450 451 477 478 479
422 423 424 450 451 452 478 479 480
423 424 425 451 452 453 479 480 481
424 425 426 452 453 454 480 481 482
425 426 427 453 454 455 481 482 483
426 427 428 454 455 456 482 483 484
427 428 429 455 456 457 483 484 485
428 429 430 456 457 458 484 485 486
429 430 431 457 458 459 485 486 487
430 431 432 458 459 460 486 487 488
431 432 433 459 460 461 487 488 489
432 433 434 460 461 462 488 489 490
433 434 435 461 462 463 489 490 491
434 435 436 462 463 464 490 491 492
435 436 437 463 464 465 491 492 493
436 437 438 464 465 466 492 493 494
437 438 439 465 466 467 493 494 495
438 439 440 466 467 468 494 495 496
439 440 441 467 468 469 495 496 497
440 441 442 468 469 470 496 497 498
441 442 443 469 470 471 497 498 499
442 443 444 470 471 472 498 499 500
443 444 445 471 472 473 499 500 501
444 445 446 472 473 474 500 501 502
445 446 447 473 474 475 501 502 503
446 447 PAD 474 475 PAD 502 503 PAD
PAD 448 449 PAD 476 477 PAD 504 505
448 449 450 476 477 478 504 505 506
449 450 451 477 478 479 505 506 507
450 451 452 478 479 480 506 507 508
451 452 453 479 480 481 507 508 509
452 453 454 480 481 482 508 509 510
453 454 455 481 482 483 509 510 511
454 455 456 482 483 484 510 511 512
455 456 457 483 484 485 511 512 513
456 457 458 484 485 486 512 513 514
457 458 459 485 486 487 513 514 515
458 459 460 486 487 488 514 515 516
459 460 461 487 488 489 515 516 517
460 461 462 488 489 490 516 517 518
461 462 463 489 490 491 517 518 519
462 463 464 490 491 492 518 519 520
463 464 465 491 492 493 519 520 521
464 465 466 492 493 494 520 521 522
465 466 467 493 494 495 521 522 523
466 467 468 494 495 496 522 523 524
467 468 469 495 496 497 523 524 525
468 469 470 496 497 498 524 525 526
469 470 471 497 498 499 525 526 527
470 471 472 498 499 500 526 527 528
471 472 473 499 500 501 527 528 529
472 473 474 500 501 502 528 529 530
473 474 475 501 502 503 529 530 531
474 475 PAD 502 503 PAD 530 531 PAD
PAD 476 477 PAD 504 505 PAD 532 533
476 477 478 504 505 506 532 533 534
477 478 479 505 506 507 533 534 535
478 479 480 506 507 508 534 535 536
479 480 481 507 508 509 535 536 537
480 481 482 508 509 510 536 537 538
481 482 483 509 510 511 537 538 539
482 483 484 510 511 512 538 539 540
483 484 485 511 512 513 539 540 541
484 485 486 512 513 514 540 541 542
485 486 487 513 514 515 541 542 543
486 487 488 514 515 516 542 543 544
487 488 489 515 516 517 543 544 545
488 489 490 516 517 518 544 545 546
489 490 491 517 518 519 545 546 547
490 491 492 518 519 520 546 547 548
491 492 493 519 520 521 547 548 549
492 493 494 520 521 522 548 549 550
493 494 495 521 522 523 549 550 551
494 495 496 522 523 524 550 551 552
495 496 497 523 524 525 551 552 553
496 497 498 524 525 526 552 553 554
497 498 499 525 526 527 553 554 555
498 499 500 526 527 528 554 555 556
499 500 501 527 528 529 555 556 557
500 501 502 528 529 530 556 557 558
501 502 503 529 530 531 557 558 559
502 503 PAD 530 531 PAD 558 559 PAD
PAD 504 505 PAD 532 533 PAD 560 561
504 505 506 532 533 534 560 561 562
505 506 507 533 534 535 561 562 563
506 507 508 534 535 536 562 563 564
507 508 509 535 536 537 563 564 565
508 509 510 536 537 538 564 565 566
509 510 511 537 538 539 565 566 567
510 511 512 538 539 540 566 567 568
511 512 513 539 540 541 567 568 569
512 513 514 540 541 542 568 569 570
513 514 515 541 542 543 569 570 571
514 515 516 542 543 544 570 571 572
515 516 517 543 544 545 571 572 573
516 517 518 544 545 546 572 573 574
517 518 519 545 546 547 573 574 575
518 519 520 546 547 548 574 575 576
519 520 521 547 548 549 575 576 577
520 521 522 548 549 550 576 577 578
521 522 523 549 550 551 577 578 579
522 523 524 550 551 552 578 579 580
523 524 525 551 552 553 579 580 581
524 525 526 552 553 554 580 581 582
525 526 527 553 554 555 581 582 583
526 527 528 554 555 556 582 583 584
527 528 529 555 556 557 583 584 585
528 529 530 556 557 558 584 585 586
529 530 531 557 558 559 585 586 587
530 531 PAD 558 559 PAD 586 587 PAD
PAD 532 533 PAD 560 561 PAD 588 589
532 533 534 560 561 562 588 589 590
533 534 535 561 562 563 589 590 591
534 535 536 562 563 564 590 591 592
535 536 537 563 564 565 591 592 593
536 537 538 564 565 566 592 593 594
537 538 539 565 566 567 593 594 595
538 539 540 566 567 568 594 595 596
539 540 541 567 568 569 595 596 597
540 541 542 568 569 570 596 597 598
541 542 543 569 570 571 597 598 599
542 543 544 570 571 572 598 599 600
543 544 545 571 572 573 599 600 601
544 545 546 572 573 574 600 601 602
545 546 547 573 574 575 601 602 603
546 547 548 574 575 576 602 603 604
547 548 549 575 576 577 603 604 605
548 549 550 576 577 578 604 605 606
549 550 551 577 578 579 605 606 607
550 551 552 578 579 580 606 607 608
551 552 553 579 580 581 607 608 609
552 553 554 580 581 582 608 609 610
553 554 555 581 582 583 609 610 611
554 555 556 582 583 584 610 611 612
555 556 557 583 584 585 611 612 613
556 557 558 584 585 586 612 613 614
557 558 559 585 586 587 613 614 615
558 559 PAD 586 587 PAD 614 615 PAD
PAD 560 561 PAD 588 589 PAD 616 617
560 561 562 588 589 590 616 617 618
561 562 563 589 590 591 617 618 619
562 563 564 590 591 592 618 619 620
563 564 565 591 592 593 619 620 621
564 565 566 592 593 594 620 621 622
565 566 567 593 594 595 621 622 623
566 567 568 594 595 596 622 623 624
567 568 569 595 596 597 623 624 625
568 569 570 596 597 598 624 625 626
569 570 571 597 598 599 625 626 627
570 571 572 598 599 600 626 627 628
571 572 573 599 600 601 627 628 629
572 573 574 600 601 602 628 629 630
573 574 575 601 602 603 629 630 631
574 575 576 602 603 604 630 631 632
575 576 577 603 604 605 631 632 633
576 577 578 604 605 606 632 633 634
577 578 579 605 606 607 633 634 635
578 579 580 606 607 608 634 635 636
579 580 581 607 608 609 635 636 637
580 581 582 608 609 610 636 637 638
581 582 583 609 610 611 637 638 639
582 583 584 610 611 612 638 639 640
583 584 585 611 612 613 639 640 641
584 585 586 612 613 614 640 641 642
585 586 587 613 614 615 641 642 643
586 587 PAD 614 615 PAD 642 643 PAD
PAD 588 589 PAD 616 617 PAD 644 645
588 589 590 616 617 618 644 645 646
589 590 591 617 618 619 645 646 647
590 591 592 618 619 620 646 647 648
591 592 593 619 620 621 647 648 649
592 593 594 620 621 622 648 649 650
593 594 595 621 622 623 649 650 651
594 595 596 622 623 624 650 651 652
595 596 597 623 624 625 651 652 653
596 597 598 624 625 626 652 653 654
597 598 599 625 626 627 653 654 655
598 599 600 626 627 628 654 655 656
599 600 601 627 628 629 655 656 657
600 601 602 628 629 630 656 657 658
601 602 603 629 630 631 657 658 659
602 603 604 630 631 632 658 659 660
603 604 605 631 632 633 659 660 661
604 605 606 632 633 634 660 661 662
605 606 607 633 634 635 661 662 663
606 607 608 634 635 636 662 663 664
607 608 609 635 636 637 663 664 665
608 609 610 636 637 638 664 665 666
609 610 611 637 638 639 665 666 667
610 611 612 638 639 640 666 667 668
611 612 613 639 640 641 667 668 669
612 613 614 640 641 642 668 669 670
613 614 615 641 642 643 669 670 671
614 615 PAD 642 643 PAD 670 671 PAD
PAD 616 617 PAD 644 645 PAD 672 673
616 617 618 644 645 646 672 673 674
617 618 619 645 646 647 673 674 675
618 619 620 646 647 648 674 675 676
619 620 621 647 648 649 675 676 677
620 621 622 648 649 650 676 677 678
621 622 623 649 650 651 677 678 679
622 623 624 650 651 652 678 679 680
623 624 625 651 652 653 679 680 681
624 625 626 652 653 654 680 681 682
625 626 627 653 654 655 681 682 683
626 627 628 654 655 656 682 683 684
627 628 629 655 656 657 683 684 685
628 629 630 656 657 658 684 685 686
629 630 631 657 658 659 685 686 687
630 631 632 658 659 660 686 687 688
631 632 633 659 660 661 687 688 689
632 633 634 660 661 662 688 689 690
633 634 635 661 662 663 689 690 691
634 635 636 662 663 664 690 691 692
635 636 637 663 664 665 691 692 693
636 637 638 664 665 666 692 693 694
637 638 639 665 666 667 693 694 695
638 639 640 666 667 668 694 695 696
639 640 641 667 668 669 695 696 697
640 641 642 668 669 670 696 697 698
641 642 643 669 670 671 697 698 699
642 643 PAD 670 671 PAD 698 699 PAD
PAD 644 645 PAD 672 673 PAD 700 701
644 645 646 672 673 674 700 701 702
645 646 647 673 674 675 701 702 703
646 647 648 674 675 676 702 703 704
647 648 649 675 676 677 703 704 705
648 649 650 676 677 678 704 705 706
649 650 651 677 678 679 705 706 707
650 651 652 678 679 680 706 707 708
651 652 653 679 680 681 707 708 709
652 653 654 680 681 682 708 709 710
653 654 655 681 682 683 709 710 711
654 655 656 682 683 684 710 711 712
655 656 657 683 684 685 711 712 713
656 657 658 684 685 686 712 713 714
657 658 659 685 686 687 713 714 715
658 659 660 686 687 688 714 715 716
659 660 661 687 688 689 715 716 717
660 661 662 688 689 690 716 717 718
661 662 663 689 690 691 717 718 719
662 663 664 690 691 692 718 719 720
663 664 665 691 692 693 719 720 721
664 665 666 692 693 694 720 721 722
665 666 667 693 694 695 721 722 723
666 667 668 694 695 696 722 723 724
667 668 669 695 696 697 723 724 725
668 669 670 696 697 698 724 725 726
669 670 671 697 698 699 725 726 727
670 671 PAD 698 699 PAD 726 727 PAD
PAD 672 673 PAD 700 701 PAD 728 729
672 673 674 700 701 702 728 729 730
673 674 675 701 702 703 729 730 731
674 675 676 702 703 704 730 731 732
675 676 677 703 704 705 731 732 733
676 677 678 704 705 706 732 733 734
677 678 679 705 706 707 733 734 735
678 679 680 706 707 708 734 735 736
679 680 681 707 708 709 735 736 737
680 681 682 708 709 710 736 737 738
681 682 683 709 710 711 737 738 739
682 683 684 710 711 712 738 739 740
683 684 685 711 712 713 739 740 741
684 685 686 712 713 714 740 741 742
685 686 687 713 714 715 741 742 743
686 687 688 714 715 716 742 743 744
687 688 689 715 716 717 743 744 745
688 689 690 716 717 718 744 745 746
689 690 691 717 718 719 745 746 747
690 691 692 718 719 720 746 747 748
691 692 693 719 720 721 747 748 749
692 693 694 720 721 722 748 749 750
693 694 695 721 722 723 749 750 751
694 695 696 722 723 724 750 751 752
695 696 697 723 724 725 751 752 753
696 697 698 724 725 726 752 753 754
697 698 699 725 726 727 753 754 755
698 699 PAD 726 727 PAD 754 755 PAD
PAD 700 701 PAD 728 729 PAD 756 757
700 701 702 728 729 730 756 757 758
701 702 703 729 730 731 757 758 759
702 703 704 730 731 732 758 759 760
703 704 705 731 732 733 759 760 761
704 705 706 732 733 734 760 761 762
705 706 707 733 734 735 761 762 763
706 707 708 734 735 736 762 763 764
707 708 709 735 736 737 763 764 765
708 709 710 736 737 738 764 765 766
709 710 711 737 738 739 765 766 767
710 711 712 738 739 740 766 767 768
711 712 713 739 740 741 767 768 769
712 713 714 740 741 742 768 769 770
713 714 715 741 742 743 769 770 771
714 715 716 742 743 744 770 771 772
715 716 717 743 744 745 771 772 773
716 717 718 744 745 746 772 773 774
717 718 719 745 746 747 773 774 775
718 719 720 746 747 748 774 775 776
719 720 721 747 748 749 775 776 777
720 721 722 748 749 750 776 777 778
721 722 723 749 750 751 777 778 779
722 723 724 750 751 752 778 779 780
723 724 725 751 752 753 779 780 781
724 725 726 752 753 754 780 781 782
725 726 727 753 754 755 781 782 783
726 727 PAD 754 755 PAD 782 783 PAD
PAD 728 729 PAD 756 757 PAD PAD PAD
728 729 730 756 757 758 PAD PAD PAD
729 730 731 757 758 759 PAD PAD PAD
730 731 732 758 759 760 PAD PAD PAD
731 732 733 759 760 761 PAD PAD PAD
732 733 734 760 761 762 PAD PAD PAD
733 734 735 761 762 763 PAD PAD PAD
734 735 736 762 763 764 PAD PAD PAD
735 736 737 763 764 765 PAD PAD PAD
736 737 738 764 765 766 PAD PAD PAD
737 738 739 765 766 767 PAD PAD PAD
738 739 740 766 767 768 PAD PAD PAD
739 740 741 767 768 769 PAD PAD PAD
740 741 742 768 769 770 PAD PAD PAD
741 742 743 769 770 771 PAD PAD PAD
742 743 744 770 771 772 PAD PAD PAD
743 744 745 771 772 773 PAD PAD PAD
744 745 746 772 773 774 PAD PAD PAD
745 746 747 773 774 775 PAD PAD PAD
746 747 748 774 775 776 PAD PAD PAD
747 748 749 775 776 777 PAD PAD PAD
748 749 750 776 777 778 PAD PAD PAD
749 750 751 777 778 779 PAD PAD PAD
750 751 752 778 779 780 PAD PAD PAD
751 752 753 779 780 781 PAD PAD PAD
752 753 754 780 781 782 PAD PAD PAD
753 754 755 781 782 783 PAD PAD PAD
754 755 PAD 782 783 PAD PAD PAD PAD
