000(PAD) 001(PAD) 002(PAD) 030(PAD) 031(000) 032(001) 060(PAD) 061(028) 062(029)
001(PAD) 002(PAD) 003(PAD) 031(000) 032(001) 033(002) 061(028) 062(029) 063(030)
002(PAD) 003(PAD) 004(PAD) 032(001) 033(002) 034(003) 062(029) 063(030) 064(031)
003(PAD) 004(PAD) 005(PAD) 033(002) 034(003) 035(004) 063(030) 064(031) 065(032)
004(PAD) 005(PAD) 006(PAD) 034(003) 035(004) 036(005) 064(031) 065(032) 066(033)
005(PAD) 006(PAD) 007(PAD) 035(004) 036(005) 037(006) 065(032) 066(033) 067(034)
006(PAD) 007(PAD) 008(PAD) 036(005) 037(006) 038(007) 066(033) 067(034) 068(035)
007(PAD) 008(PAD) 009(PAD) 037(006) 038(007) 039(008) 067(034) 068(035) 069(036)
008(PAD) 009(PAD) 010(PAD) 038(007) 039(008) 040(009) 068(035) 069(036) 070(037)
009(PAD) 010(PAD) 011(PAD) 039(008) 040(009) 041(010) 069(036) 070(037) 071(038)
010(PAD) 011(PAD) 012(PAD) 040(009) 041(010) 042(011) 070(037) 071(038) 072(039)
011(PAD) 012(PAD) 013(PAD) 041(010) 042(011) 043(012) 071(038) 072(039) 073(040)
012(PAD) 013(PAD) 014(PAD) 042(011) 043(012) 044(013) 072(039) 073(040) 074(041)
013(PAD) 014(PAD) 015(PAD) 043(012) 044(013) 045(014) 073(040) 074(041) 075(042)
014(PAD) 015(PAD) 016(PAD) 044(013) 045(014) 046(015) 074(041) 075(042) 076(043)
015(PAD) 016(PAD) 017(PAD) 045(014) 046(015) 047(016) 075(042) 076(043) 077(044)
016(PAD) 017(PAD) 018(PAD) 046(015) 047(016) 048(017) 076(043) 077(044) 078(045)
017(PAD) 018(PAD) 019(PAD) 047(016) 048(017) 049(018) 077(044) 078(045) 079(046)
018(PAD) 019(PAD) 020(PAD) 048(017) 049(018) 050(019) 078(045) 079(046) 080(047)
019(PAD) 020(PAD) 021(PAD) 049(018) 050(019) 051(020) 079(046) 080(047) 081(048)
020(PAD) 021(PAD) 022(PAD) 050(019) 051(020) 052(021) 080(047) 081(048) 082(049)
021(PAD) 022(PAD) 023(PAD) 051(020) 052(021) 053(022) 081(048) 082(049) 083(050)
022(PAD) 023(PAD) 024(PAD) 052(021) 053(022) 054(023) 082(049) 083(050) 084(051)
023(PAD) 024(PAD) 025(PAD) 053(022) 054(023) 055(024) 083(050) 084(051) 085(052)
024(PAD) 025(PAD) 026(PAD) 054(023) 055(024) 056(025) 084(051) 085(052) 086(053)
025(PAD) 026(PAD) 027(PAD) 055(024) 056(025) 057(026) 085(052) 086(053) 087(054)
026(PAD) 027(PAD) 028(PAD) 056(025) 057(026) 058(027) 086(053) 087(054) 088(055)
027(PAD) 028(PAD) 029(PAD) 057(026) 058(027) 059(PAD) 087(054) 088(055) 089(PAD)
030(PAD) 031(000) 032(001) 060(PAD) 061(028) 062(029) 090(PAD) 091(056) 092(057)
031(000) 032(001) 033(002) 061(028) 062(029) 063(030) 091(056) 092(057) 093(058)
032(001) 033(002) 034(003) 062(029) 063(030) 064(031) 092(057) 093(058) 094(059)
033(002) 034(003) 035(004) 063(030) 064(031) 065(032) 093(058) 094(059) 095(060)
034(003) 035(004) 036(005) 064(031) 065(032) 066(033) 094(059) 095(060) 096(061)
035(004) 036(005) 037(006) 065(032) 066(033) 067(034) 095(060) 096(061) 097(062)
036(005) 037(006) 038(007) 066(033) 067(034) 068(035) 096(061) 097(062) 098(063)
037(006) 038(007) 039(008) 067(034) 068(035) 069(036) 097(062) 098(063) 099(064)
038(007) 039(008) 040(009) 068(035) 069(036) 070(037) 098(063) 099(064) 100(065)
039(008) 040(009) 041(010) 069(036) 070(037) 071(038) 099(064) 100(065) 101(066)
040(009) 041(010) 042(011) 070(037) 071(038) 072(039) 100(065) 101(066) 102(067)
041(010) 042(011) 043(012) 071(038) 072(039) 073(040) 101(066) 102(067) 103(068)
042(011) 043(012) 044(013) 072(039) 073(040) 074(041) 102(067) 103(068) 104(069)
043(012) 044(013) 045(014) 073(040) 074(041) 075(042) 103(068) 104(069) 105(070)
044(013) 045(014) 046(015) 074(041) 075(042) 076(043) 104(069) 105(070) 106(071)
045(014) 046(015) 047(016) 075(042) 076(043) 077(044) 105(070) 106(071) 107(072)
046(015) 047(016) 048(017) 076(043) 077(044) 078(045) 106(071) 107(072) 108(073)
047(016) 048(017) 049(018) 077(044) 078(045) 079(046) 107(072) 108(073) 109(074)
048(017) 049(018) 050(019) 078(045) 079(046) 080(047) 108(073) 109(074) 110(075)
049(018) 050(019) 051(020) 079(046) 080(047) 081(048) 109(074) 110(075) 111(076)
050(019) 051(020) 052(021) 080(047) 081(048) 082(049) 110(075) 111(076) 112(077)
051(020) 052(021) 053(022) 081(048) 082(049) 083(050) 111(076) 112(077) 113(078)
052(021) 053(022) 054(023) 082(049) 083(050) 084(051) 112(077) 113(078) 114(079)
053(022) 054(023) 055(024) 083(050) 084(051) 085(052) 113(078) 114(079) 115(080)
054(023) 055(024) 056(025) 084(051) 085(052) 086(053) 114(079) 115(080) 116(081)
055(024) 056(025) 057(026) 085(052) 086(053) 087(054) 115(080) 116(081) 117(082)
056(025) 057(026) 058(027) 086(053) 087(054) 088(055) 116(081) 117(082) 118(083)
057(026) 058(027) 059(PAD) 087(054) 088(055) 089(PAD) 117(082) 118(083) 119(PAD)
060(PAD) 061(028) 062(029) 090(PAD) 091(056) 092(057) 120(PAD) 121(084) 122(085)
061(028) 062(029) 063(030) 091(056) 092(057) 093(058) 121(084) 122(085) 123(086)
062(029) 063(030) 064(031) 092(057) 093(058) 094(059) 122(085) 123(086) 124(087)
063(030) 064(031) 065(032) 093(058) 094(059) 095(060) 123(086) 124(087) 125(088)
064(031) 065(032) 066(033) 094(059) 095(060) 096(061) 124(087) 125(088) 126(089)
065(032) 066(033) 067(034) 095(060) 096(061) 097(062) 125(088) 126(089) 127(090)
066(033) 067(034) 068(035) 096(061) 097(062) 098(063) 126(089) 127(090) 128(091)
067(034) 068(035) 069(036) 097(062) 098(063) 099(064) 127(090) 128(091) 129(092)
068(035) 069(036) 070(037) 098(063) 099(064) 100(065) 128(091) 129(092) 130(093)
069(036) 070(037) 071(038) 099(064) 100(065) 101(066) 129(092) 130(093) 131(094)
070(037) 071(038) 072(039) 100(065) 101(066) 102(067) 130(093) 131(094) 132(095)
071(038) 072(039) 073(040) 101(066) 102(067) 103(068) 131(094) 132(095) 133(096)
072(039) 073(040) 074(041) 102(067) 103(068) 104(069) 132(095) 133(096) 134(097)
073(040) 074(041) 075(042) 103(068) 104(069) 105(070) 133(096) 134(097) 135(098)
074(041) 075(042) 076(043) 104(069) 105(070) 106(071) 134(097) 135(098) 136(099)
075(042) 076(043) 077(044) 105(070) 106(071) 107(072) 135(098) 136(099) 137(100)
076(043) 077(044) 078(045) 106(071) 107(072) 108(073) 136(099) 137(100) 138(101)
077(044) 078(045) 079(046) 107(072) 108(073) 109(074) 137(100) 138(101) 139(102)
078(045) 079(046) 080(047) 108(073) 109(074) 110(075) 138(101) 139(102) 140(103)
079(046) 080(047) 081(048) 109(074) 110(075) 111(076) 139(102) 140(103) 141(104)
080(047) 081(048) 082(049) 110(075) 111(076) 112(077) 140(103) 141(104) 142(105)
081(048) 082(049) 083(050) 111(076) 112(077) 113(078) 141(104) 142(105) 143(106)
082(049) 083(050) 084(051) 112(077) 113(078) 114(079) 142(105) 143(106) 144(107)
083(050) 084(051) 085(052) 113(078) 114(079) 115(080) 143(106) 144(107) 145(108)
084(051) 085(052) 086(053) 114(079) 115(080) 116(081) 144(107) 145(108) 146(109)
085(052) 086(053) 087(054) 115(080) 116(081) 117(082) 145(108) 146(109) 147(110)
086(053) 087(054) 088(055) 116(081) 117(082) 118(083) 146(109) 147(110) 148(111)
087(054) 088(055) 089(PAD) 117(082) 118(083) 119(PAD) 147(110) 148(111) 149(PAD)
090(PAD) 091(056) 092(057) 120(PAD) 121(084) 122(085) 150(PAD) 151(112) 152(113)
091(056) 092(057) 093(058) 121(084) 122(085) 123(086) 151(112) 152(113) 153(114)
092(057) 093(058) 094(059) 122(085) 123(086) 124(087) 152(113) 153(114) 154(115)
093(058) 094(059) 095(060) 123(086) 124(087) 125(088) 153(114) 154(115) 155(116)
094(059) 095(060) 096(061) 124(087) 125(088) 126(089) 154(115) 155(116) 156(117)
095(060) 096(061) 097(062) 125(088) 126(089) 127(090) 155(116) 156(117) 157(118)
096(061) 097(062) 098(063) 126(089) 127(090) 128(091) 156(117) 157(118) 158(119)
097(062) 098(063) 099(064) 127(090) 128(091) 129(092) 157(118) 158(119) 159(120)
098(063) 099(064) 100(065) 128(091) 129(092) 130(093) 158(119) 159(120) 160(121)
099(064) 100(065) 101(066) 129(092) 130(093) 131(094) 159(120) 160(121) 161(122)
100(065) 101(066) 102(067) 130(093) 131(094) 132(095) 160(121) 161(122) 162(123)
101(066) 102(067) 103(068) 131(094) 132(095) 133(096) 161(122) 162(123) 163(124)
102(067) 103(068) 104(069) 132(095) 133(096) 134(097) 162(123) 163(124) 164(125)
103(068) 104(069) 105(070) 133(096) 134(097) 135(098) 163(124) 164(125) 165(126)
104(069) 105(070) 106(071) 134(097) 135(098) 136(099) 164(125) 165(126) 166(127)
105(070) 106(071) 107(072) 135(098) 136(099) 137(100) 165(126) 166(127) 167(128)
106(071) 107(072) 108(073) 136(099) 137(100) 138(101) 166(127) 167(128) 168(129)
107(072) 108(073) 109(074) 137(100) 138(101) 139(102) 167(128) 168(129) 169(130)
108(073) 109(074) 110(075) 138(101) 139(102) 140(103) 168(129) 169(130) 170(131)
109(074) 110(075) 111(076) 139(102) 140(103) 141(104) 169(130) 170(131) 171(132)
110(075) 111(076) 112(077) 140(103) 141(104) 142(105) 170(131) 171(132) 172(133)
111(076) 112(077) 113(078) 141(104) 142(105) 143(106) 171(132) 172(133) 173(134)
112(077) 113(078) 114(079) 142(105) 143(106) 144(107) 172(133) 173(134) 174(135)
113(078) 114(079) 115(080) 143(106) 144(107) 145(108) 173(134) 174(135) 175(136)
114(079) 115(080) 116(081) 144(107) 145(108) 146(109) 174(135) 175(136) 176(137)
115(080) 116(081) 117(082) 145(108) 146(109) 147(110) 175(136) 176(137) 177(138)
116(081) 117(082) 118(083) 146(109) 147(110) 148(111) 176(137) 177(138) 178(139)
117(082) 118(083) 119(PAD) 147(110) 148(111) 149(PAD) 177(138) 178(139) 179(PAD)
120(PAD) 121(084) 122(085) 150(PAD) 151(112) 152(113) 180(PAD) 181(140) 182(141)
121(084) 122(085) 123(086) 151(112) 152(113) 153(114) 181(140) 182(141) 183(142)
122(085) 123(086) 124(087) 152(113) 153(114) 154(115) 182(141) 183(142) 184(143)
123(086) 124(087) 125(088) 153(114) 154(115) 155(116) 183(142) 184(143) 185(144)
124(087) 125(088) 126(089) 154(115) 155(116) 156(117) 184(143) 185(144) 186(145)
125(088) 126(089) 127(090) 155(116) 156(117) 157(118) 185(144) 186(145) 187(146)
126(089) 127(090) 128(091) 156(117) 157(118) 158(119) 186(145) 187(146) 188(147)
127(090) 128(091) 129(092) 157(118) 158(119) 159(120) 187(146) 188(147) 189(148)
128(091) 129(092) 130(093) 158(119) 159(120) 160(121) 188(147) 189(148) 190(149)
129(092) 130(093) 131(094) 159(120) 160(121) 161(122) 189(148) 190(149) 191(150)
130(093) 131(094) 132(095) 160(121) 161(122) 162(123) 190(149) 191(150) 192(151)
131(094) 132(095) 133(096) 161(122) 162(123) 163(124) 191(150) 192(151) 193(152)
132(095) 133(096) 134(097) 162(123) 163(124) 164(125) 192(151) 193(152) 194(153)
133(096) 134(097) 135(098) 163(124) 164(125) 165(126) 193(152) 194(153) 195(154)
134(097) 135(098) 136(099) 164(125) 165(126) 166(127) 194(153) 195(154) 196(155)
135(098) 136(099) 137(100) 165(126) 166(127) 167(128) 195(154) 196(155) 197(156)
136(099) 137(100) 138(101) 166(127) 167(128) 168(129) 196(155) 197(156) 198(157)
137(100) 138(101) 139(102) 167(128) 168(129) 169(130) 197(156) 198(157) 199(158)
138(101) 139(102) 140(103) 168(129) 169(130) 170(131) 198(157) 199(158) 200(159)
139(102) 140(103) 141(104) 169(130) 170(131) 171(132) 199(158) 200(159) 201(160)
140(103) 141(104) 142(105) 170(131) 171(132) 172(133) 200(159) 201(160) 202(161)
141(104) 142(105) 143(106) 171(132) 172(133) 173(134) 201(160) 202(161) 203(162)
142(105) 143(106) 144(107) 172(133) 173(134) 174(135) 202(161) 203(162) 204(163)
143(106) 144(107) 145(108) 173(134) 174(135) 175(136) 203(162) 204(163) 205(164)
144(107) 145(108) 146(109) 174(135) 175(136) 176(137) 204(163) 205(164) 206(165)
145(108) 146(109) 147(110) 175(136) 176(137) 177(138) 205(164) 206(165) 207(166)
146(109) 147(110) 148(111) 176(137) 177(138) 178(139) 206(165) 207(166) 208(167)
147(110) 148(111) 149(PAD) 177(138) 178(139) 179(PAD) 207(166) 208(167) 209(PAD)
150(PAD) 151(112) 152(113) 180(PAD) 181(140) 182(141) 210(PAD) 211(168) 212(169)
151(112) 152(113) 153(114) 181(140) 182(141) 183(142) 211(168) 212(169) 213(170)
152(113) 153(114) 154(115) 182(141) 183(142) 184(143) 212(169) 213(170) 214(171)
153(114) 154(115) 155(116) 183(142) 184(143) 185(144) 213(170) 214(171) 215(172)
154(115) 155(116) 156(117) 184(143) 185(144) 186(145) 214(171) 215(172) 216(173)
155(116) 156(117) 157(118) 185(144) 186(145) 187(146) 215(172) 216(173) 217(174)
156(117) 157(118) 158(119) 186(145) 187(146) 188(147) 216(173) 217(174) 218(175)
157(118) 158(119) 159(120) 187(146) 188(147) 189(148) 217(174) 218(175) 219(176)
158(119) 159(120) 160(121) 188(147) 189(148) 190(149) 218(175) 219(176) 220(177)
159(120) 160(121) 161(122) 189(148) 190(149) 191(150) 219(176) 220(177) 221(178)
160(121) 161(122) 162(123) 190(149) 191(150) 192(151) 220(177) 221(178) 222(179)
161(122) 162(123) 163(124) 191(150) 192(151) 193(152) 221(178) 222(179) 223(180)
162(123) 163(124) 164(125) 192(151) 193(152) 194(153) 222(179) 223(180) 224(181)
163(124) 164(125) 165(126) 193(152) 194(153) 195(154) 223(180) 224(181) 225(182)
164(125) 165(126) 166(127) 194(153) 195(154) 196(155) 224(181) 225(182) 226(183)
165(126) 166(127) 167(128) 195(154) 196(155) 197(156) 225(182) 226(183) 227(184)
166(127) 167(128) 168(129) 196(155) 197(156) 198(157) 226(183) 227(184) 228(185)
167(128) 168(129) 169(130) 197(156) 198(157) 199(158) 227(184) 228(185) 229(186)
168(129) 169(130) 170(131) 198(157) 199(158) 200(159) 228(185) 229(186) 230(187)
169(130) 170(131) 171(132) 199(158) 200(159) 201(160) 229(186) 230(187) 231(188)
170(131) 171(132) 172(133) 200(159) 201(160) 202(161) 230(187) 231(188) 232(189)
171(132) 172(133) 173(134) 201(160) 202(161) 203(162) 231(188) 232(189) 233(190)
172(133) 173(134) 174(135) 202(161) 203(162) 204(163) 232(189) 233(190) 234(191)
173(134) 174(135) 175(136) 203(162) 204(163) 205(164) 233(190) 234(191) 235(192)
174(135) 175(136) 176(137) 204(163) 205(164) 206(165) 234(191) 235(192) 236(193)
175(136) 176(137) 177(138) 205(164) 206(165) 207(166) 235(192) 236(193) 237(194)
176(137) 177(138) 178(139) 206(165) 207(166) 208(167) 236(193) 237(194) 238(195)
177(138) 178(139) 179(PAD) 207(166) 208(167) 209(PAD) 237(194) 238(195) 239(PAD)
180(PAD) 181(140) 182(141) 210(PAD) 211(168) 212(169) 240(PAD) 241(196) 242(197)
181(140) 182(141) 183(142) 211(168) 212(169) 213(170) 241(196) 242(197) 243(198)
182(141) 183(142) 184(143) 212(169) 213(170) 214(171) 242(197) 243(198) 244(199)
183(142) 184(143) 185(144) 213(170) 214(171) 215(172) 243(198) 244(199) 245(200)
184(143) 185(144) 186(145) 214(171) 215(172) 216(173) 244(199) 245(200) 246(201)
185(144) 186(145) 187(146) 215(172) 216(173) 217(174) 245(200) 246(201) 247(202)
186(145) 187(146) 188(147) 216(173) 217(174) 218(175) 246(201) 247(202) 248(203)
187(146) 188(147) 189(148) 217(174) 218(175) 219(176) 247(202) 248(203) 249(204)
188(147) 189(148) 190(149) 218(175) 219(176) 220(177) 248(203) 249(204) 250(205)
189(148) 190(149) 191(150) 219(176) 220(177) 221(178) 249(204) 250(205) 251(206)
190(149) 191(150) 192(151) 220(177) 221(178) 222(179) 250(205) 251(206) 252(207)
191(150) 192(151) 193(152) 221(178) 222(179) 223(180) 251(206) 252(207) 253(208)
192(151) 193(152) 194(153) 222(179) 223(180) 224(181) 252(207) 253(208) 254(209)
193(152) 194(153) 195(154) 223(180) 224(181) 225(182) 253(208) 254(209) 255(210)
194(153) 195(154) 196(155) 224(181) 225(182) 226(183) 254(209) 255(210) 256(211)
195(154) 196(155) 197(156) 225(182) 226(183) 227(184) 255(210) 256(211) 257(212)
196(155) 197(156) 198(157) 226(183) 227(184) 228(185) 256(211) 257(212) 258(213)
197(156) 198(157) 199(158) 227(184) 228(185) 229(186) 257(212) 258(213) 259(214)
198(157) 199(158) 200(159) 228(185) 229(186) 230(187) 258(213) 259(214) 260(215)
199(158) 200(159) 201(160) 229(186) 230(187) 231(188) 259(214) 260(215) 261(216)
200(159) 201(160) 202(161) 230(187) 231(188) 232(189) 260(215) 261(216) 262(217)
201(160) 202(161) 203(162) 231(188) 232(189) 233(190) 261(216) 262(217) 263(218)
202(161) 203(162) 204(163) 232(189) 233(190) 234(191) 262(217) 263(218) 264(219)
203(162) 204(163) 205(164) 233(190) 234(191) 235(192) 263(218) 264(219) 265(220)
204(163) 205(164) 206(165) 234(191) 235(192) 236(193) 264(219) 265(220) 266(221)
205(164) 206(165) 207(166) 235(192) 236(193) 237(194) 265(220) 266(221) 267(222)
206(165) 207(166) 208(167) 236(193) 237(194) 238(195) 266(221) 267(222) 268(223)
207(166) 208(167) 209(PAD) 237(194) 238(195) 239(PAD) 267(222) 268(223) 269(PAD)
210(PAD) 211(168) 212(169) 240(PAD) 241(196) 242(197) 270(PAD) 271(224) 272(225)
211(168) 212(169) 213(170) 241(196) 242(197) 243(198) 271(224) 272(225) 273(226)
212(169) 213(170) 214(171) 242(197) 243(198) 244(199) 272(225) 273(226) 274(227)
213(170) 214(171) 215(172) 243(198) 244(199) 245(200) 273(226) 274(227) 275(228)
214(171) 215(172) 216(173) 244(199) 245(200) 246(201) 274(227) 275(228) 276(229)
215(172) 216(173) 217(174) 245(200) 246(201) 247(202) 275(228) 276(229) 277(230)
216(173) 217(174) 218(175) 246(201) 247(202) 248(203) 276(229) 277(230) 278(231)
217(174) 218(175) 219(176) 247(202) 248(203) 249(204) 277(230) 278(231) 279(232)
218(175) 219(176) 220(177) 248(203) 249(204) 250(205) 278(231) 279(232) 280(233)
219(176) 220(177) 221(178) 249(204) 250(205) 251(206) 279(232) 280(233) 281(234)
220(177) 221(178) 222(179) 250(205) 251(206) 252(207) 280(233) 281(234) 282(235)
221(178) 222(179) 223(180) 251(206) 252(207) 253(208) 281(234) 282(235) 283(236)
222(179) 223(180) 224(181) 252(207) 253(208) 254(209) 282(235) 283(236) 284(237)
223(180) 224(181) 225(182) 253(208) 254(209) 255(210) 283(236) 284(237) 285(238)
224(181) 225(182) 226(183) 254(209) 255(210) 256(211) 284(237) 285(238) 286(239)
225(182) 226(183) 227(184) 255(210) 256(211) 257(212) 285(238) 286(239) 287(240)
226(183) 227(184) 228(185) 256(211) 257(212) 258(213) 286(239) 287(240) 288(241)
227(184) 228(185) 229(186) 257(212) 258(213) 259(214) 287(240) 288(241) 289(242)
228(185) 229(186) 230(187) 258(213) 259(214) 260(215) 288(241) 289(242) 290(243)
229(186) 230(187) 231(188) 259(214) 260(215) 261(216) 289(242) 290(243) 291(244)
230(187) 231(188) 232(189) 260(215) 261(216) 262(217) 290(243) 291(244) 292(245)
231(188) 232(189) 233(190) 261(216) 262(217) 263(218) 291(244) 292(245) 293(246)
232(189) 233(190) 234(191) 262(217) 263(218) 264(219) 292(245) 293(246) 294(247)
233(190) 234(191) 235(192) 263(218) 264(219) 265(220) 293(246) 294(247) 295(248)
234(191) 235(192) 236(193) 264(219) 265(220) 266(221) 294(247) 295(248) 296(249)
235(192) 236(193) 237(194) 265(220) 266(221) 267(222) 295(248) 296(249) 297(250)
236(193) 237(194) 238(195) 266(221) 267(222) 268(223) 296(249) 297(250) 298(251)
237(194) 238(195) 239(PAD) 267(222) 268(223) 269(PAD) 297(250) 298(251) 299(PAD)
240(PAD) 241(196) 242(197) 270(PAD) 271(224) 272(225) 300(PAD) 301(252) 302(253)
241(196) 242(197) 243(198) 271(224) 272(225) 273(226) 301(252) 302(253) 303(254)
242(197) 243(198) 244(199) 272(225) 273(226) 274(227) 302(253) 303(254) 304(255)
243(198) 244(199) 245(200) 273(226) 274(227) 275(228) 303(254) 304(255) 305(256)
244(199) 245(200) 246(201) 274(227) 275(228) 276(229) 304(255) 305(256) 306(257)
245(200) 246(201) 247(202) 275(228) 276(229) 277(230) 305(256) 306(257) 307(258)
246(201) 247(202) 248(203) 276(229) 277(230) 278(231) 306(257) 307(258) 308(259)
247(202) 248(203) 249(204) 277(230) 278(231) 279(232) 307(258) 308(259) 309(260)
248(203) 249(204) 250(205) 278(231) 279(232) 280(233) 308(259) 309(260) 310(261)
249(204) 250(205) 251(206) 279(232) 280(233) 281(234) 309(260) 310(261) 311(262)
250(205) 251(206) 252(207) 280(233) 281(234) 282(235) 310(261) 311(262) 312(263)
251(206) 252(207) 253(208) 281(234) 282(235) 283(236) 311(262) 312(263) 313(264)
252(207) 253(208) 254(209) 282(235) 283(236) 284(237) 312(263) 313(264) 314(265)
253(208) 254(209) 255(210) 283(236) 284(237) 285(238) 313(264) 314(265) 315(266)
254(209) 255(210) 256(211) 284(237) 285(238) 286(239) 314(265) 315(266) 316(267)
255(210) 256(211) 257(212) 285(238) 286(239) 287(240) 315(266) 316(267) 317(268)
256(211) 257(212) 258(213) 286(239) 287(240) 288(241) 316(267) 317(268) 318(269)
257(212) 258(213) 259(214) 287(240) 288(241) 289(242) 317(268) 318(269) 319(270)
258(213) 259(214) 260(215) 288(241) 289(242) 290(243) 318(269) 319(270) 320(271)
259(214) 260(215) 261(216) 289(242) 290(243) 291(244) 319(270) 320(271) 321(272)
260(215) 261(216) 262(217) 290(243) 291(244) 292(245) 320(271) 321(272) 322(273)
261(216) 262(217) 263(218) 291(244) 292(245) 293(246) 321(272) 322(273) 323(274)
262(217) 263(218) 264(219) 292(245) 293(246) 294(247) 322(273) 323(274) 324(275)
263(218) 264(219) 265(220) 293(246) 294(247) 295(248) 323(274) 324(275) 325(276)
264(219) 265(220) 266(221) 294(247) 295(248) 296(249) 324(275) 325(276) 326(277)
265(220) 266(221) 267(222) 295(248) 296(249) 297(250) 325(276) 326(277) 327(278)
266(221) 267(222) 268(223) 296(249) 297(250) 298(251) 326(277) 327(278) 328(279)
267(222) 268(223) 269(PAD) 297(250) 298(251) 299(PAD) 327(278) 328(279) 329(PAD)
270(PAD) 271(224) 272(225) 300(PAD) 301(252) 302(253) 330(PAD) 331(280) 332(281)
271(224) 272(225) 273(226) 301(252) 302(253) 303(254) 331(280) 332(281) 333(282)
272(225) 273(226) 274(227) 302(253) 303(254) 304(255) 332(281) 333(282) 334(283)
273(226) 274(227) 275(228) 303(254) 304(255) 305(256) 333(282) 334(283) 335(284)
274(227) 275(228) 276(229) 304(255) 305(256) 306(257) 334(283) 335(284) 336(285)
275(228) 276(229) 277(230) 305(256) 306(257) 307(258) 335(284) 336(285) 337(286)
276(229) 277(230) 278(231) 306(257) 307(258) 308(259) 336(285) 337(286) 338(287)
277(230) 278(231) 279(232) 307(258) 308(259) 309(260) 337(286) 338(287) 339(288)
278(231) 279(232) 280(233) 308(259) 309(260) 310(261) 338(287) 339(288) 340(289)
279(232) 280(233) 281(234) 309(260) 310(261) 311(262) 339(288) 340(289) 341(290)
280(233) 281(234) 282(235) 310(261) 311(262) 312(263) 340(289) 341(290) 342(291)
281(234) 282(235) 283(236) 311(262) 312(263) 313(264) 341(290) 342(291) 343(292)
282(235) 283(236) 284(237) 312(263) 313(264) 314(265) 342(291) 343(292) 344(293)
283(236) 284(237) 285(238) 313(264) 314(265) 315(266) 343(292) 344(293) 345(294)
284(237) 285(238) 286(239) 314(265) 315(266) 316(267) 344(293) 345(294) 346(295)
285(238) 286(239) 287(240) 315(266) 316(267) 317(268) 345(294) 346(295) 347(296)
286(239) 287(240) 288(241) 316(267) 317(268) 318(269) 346(295) 347(296) 348(297)
287(240) 288(241) 289(242) 317(268) 318(269) 319(270) 347(296) 348(297) 349(298)
288(241) 289(242) 290(243) 318(269) 319(270) 320(271) 348(297) 349(298) 350(299)
289(242) 290(243) 291(244) 319(270) 320(271) 321(272) 349(298) 350(299) 351(300)
290(243) 291(244) 292(245) 320(271) 321(272) 322(273) 350(299) 351(300) 352(301)
291(244) 292(245) 293(246) 321(272) 322(273) 323(274) 351(300) 352(301) 353(302)
292(245) 293(246) 294(247) 322(273) 323(274) 324(275) 352(301) 353(302) 354(303)
293(246) 294(247) 295(248) 323(274) 324(275) 325(276) 353(302) 354(303) 355(304)
294(247) 295(248) 296(249) 324(275) 325(276) 326(277) 354(303) 355(304) 356(305)
295(248) 296(249) 297(250) 325(276) 326(277) 327(278) 355(304) 356(305) 357(306)
296(249) 297(250) 298(251) 326(277) 327(278) 328(279) 356(305) 357(306) 358(307)
297(250) 298(251) 299(PAD) 327(278) 328(279) 329(PAD) 357(306) 358(307) 359(PAD)
300(PAD) 301(252) 302(253) 330(PAD) 331(280) 332(281) 360(PAD) 361(308) 362(309)
301(252) 302(253) 303(254) 331(280) 332(281) 333(282) 361(308) 362(309) 363(310)
302(253) 303(254) 304(255) 332(281) 333(282) 334(283) 362(309) 363(310) 364(311)
303(254) 304(255) 305(256) 333(282) 334(283) 335(284) 363(310) 364(311) 365(312)
304(255) 305(256) 306(257) 334(283) 335(284) 336(285) 364(311) 365(312) 366(313)
305(256) 306(257) 307(258) 335(284) 336(285) 337(286) 365(312) 366(313) 367(314)
306(257) 307(258) 308(259) 336(285) 337(286) 338(287) 366(313) 367(314) 368(315)
307(258) 308(259) 309(260) 337(286) 338(287) 339(288) 367(314) 368(315) 369(316)
308(259) 309(260) 310(261) 338(287) 339(288) 340(289) 368(315) 369(316) 370(317)
309(260) 310(261) 311(262) 339(288) 340(289) 341(290) 369(316) 370(317) 371(318)
310(261) 311(262) 312(263) 340(289) 341(290) 342(291) 370(317) 371(318) 372(319)
311(262) 312(263) 313(264) 341(290) 342(291) 343(292) 371(318) 372(319) 373(320)
312(263) 313(264) 314(265) 342(291) 343(292) 344(293) 372(319) 373(320) 374(321)
313(264) 314(265) 315(266) 343(292) 344(293) 345(294) 373(320) 374(321) 375(322)
314(265) 315(266) 316(267) 344(293) 345(294) 346(295) 374(321) 375(322) 376(323)
315(266) 316(267) 317(268) 345(294) 346(295) 347(296) 375(322) 376(323) 377(324)
316(267) 317(268) 318(269) 346(295) 347(296) 348(297) 376(323) 377(324) 378(325)
317(268) 318(269) 319(270) 347(296) 348(297) 349(298) 377(324) 378(325) 379(326)
318(269) 319(270) 320(271) 348(297) 349(298) 350(299) 378(325) 379(326) 380(327)
319(270) 320(271) 321(272) 349(298) 350(299) 351(300) 379(326) 380(327) 381(328)
320(271) 321(272) 322(273) 350(299) 351(300) 352(301) 380(327) 381(328) 382(329)
321(272) 322(273) 323(274) 351(300) 352(301) 353(302) 381(328) 382(329) 383(330)
322(273) 323(274) 324(275) 352(301) 353(302) 354(303) 382(329) 383(330) 384(331)
323(274) 324(275) 325(276) 353(302) 354(303) 355(304) 383(330) 384(331) 385(332)
324(275) 325(276) 326(277) 354(303) 355(304) 356(305) 384(331) 385(332) 386(333)
325(276) 326(277) 327(278) 355(304) 356(305) 357(306) 385(332) 386(333) 387(334)
326(277) 327(278) 328(279) 356(305) 357(306) 358(307) 386(333) 387(334) 388(335)
327(278) 328(279) 329(PAD) 357(306) 358(307) 359(PAD) 387(334) 388(335) 389(PAD)
330(PAD) 331(280) 332(281) 360(PAD) 361(308) 362(309) 390(PAD) 391(336) 392(337)
331(280) 332(281) 333(282) 361(308) 362(309) 363(310) 391(336) 392(337) 393(338)
332(281) 333(282) 334(283) 362(309) 363(310) 364(311) 392(337) 393(338) 394(339)
333(282) 334(283) 335(284) 363(310) 364(311) 365(312) 393(338) 394(339) 395(340)
334(283) 335(284) 336(285) 364(311) 365(312) 366(313) 394(339) 395(340) 396(341)
335(284) 336(285) 337(286) 365(312) 366(313) 367(314) 395(340) 396(341) 397(342)
336(285) 337(286) 338(287) 366(313) 367(314) 368(315) 396(341) 397(342) 398(343)
337(286) 338(287) 339(288) 367(314) 368(315) 369(316) 397(342) 398(343) 399(344)
338(287) 339(288) 340(289) 368(315) 369(316) 370(317) 398(343) 399(344) 400(345)
339(288) 340(289) 341(290) 369(316) 370(317) 371(318) 399(344) 400(345) 401(346)
340(289) 341(290) 342(291) 370(317) 371(318) 372(319) 400(345) 401(346) 402(347)
341(290) 342(291) 343(292) 371(318) 372(319) 373(320) 401(346) 402(347) 403(348)
342(291) 343(292) 344(293) 372(319) 373(320) 374(321) 402(347) 403(348) 404(349)
343(292) 344(293) 345(294) 373(320) 374(321) 375(322) 403(348) 404(349) 405(350)
344(293) 345(294) 346(295) 374(321) 375(322) 376(323) 404(349) 405(350) 406(351)
345(294) 346(295) 347(296) 375(322) 376(323) 377(324) 405(350) 406(351) 407(352)
346(295) 347(296) 348(297) 376(323) 377(324) 378(325) 406(351) 407(352) 408(353)
347(296) 348(297) 349(298) 377(324) 378(325) 379(326) 407(352) 408(353) 409(354)
348(297) 349(298) 350(299) 378(325) 379(326) 380(327) 408(353) 409(354) 410(355)
349(298) 350(299) 351(300) 379(326) 380(327) 381(328) 409(354) 410(355) 411(356)
350(299) 351(300) 352(301) 380(327) 381(328) 382(329) 410(355) 411(356) 412(357)
351(300) 352(301) 353(302) 381(328) 382(329) 383(330) 411(356) 412(357) 413(358)
352(301) 353(302) 354(303) 382(329) 383(330) 384(331) 412(357) 413(358) 414(359)
353(302) 354(303) 355(304) 383(330) 384(331) 385(332) 413(358) 414(359) 415(360)
354(303) 355(304) 356(305) 384(331) 385(332) 386(333) 414(359) 415(360) 416(361)
355(304) 356(305) 357(306) 385(332) 386(333) 387(334) 415(360) 416(361) 417(362)
356(305) 357(306) 358(307) 386(333) 387(334) 388(335) 416(361) 417(362) 418(363)
357(306) 358(307) 359(PAD) 387(334) 388(335) 389(PAD) 417(362) 418(363) 419(PAD)
360(PAD) 361(308) 362(309) 390(PAD) 391(336) 392(337) 420(PAD) 421(364) 422(365)
361(308) 362(309) 363(310) 391(336) 392(337) 393(338) 421(364) 422(365) 423(366)
362(309) 363(310) 364(311) 392(337) 393(338) 394(339) 422(365) 423(366) 424(367)
363(310) 364(311) 365(312) 393(338) 394(339) 395(340) 423(366) 424(367) 425(368)
364(311) 365(312) 366(313) 394(339) 395(340) 396(341) 424(367) 425(368) 426(369)
365(312) 366(313) 367(314) 395(340) 396(341) 397(342) 425(368) 426(369) 427(370)
366(313) 367(314) 368(315) 396(341) 397(342) 398(343) 426(369) 427(370) 428(371)
367(314) 368(315) 369(316) 397(342) 398(343) 399(344) 427(370) 428(371) 429(372)
368(315) 369(316) 370(317) 398(343) 399(344) 400(345) 428(371) 429(372) 430(373)
369(316) 370(317) 371(318) 399(344) 400(345) 401(346) 429(372) 430(373) 431(374)
370(317) 371(318) 372(319) 400(345) 401(346) 402(347) 430(373) 431(374) 432(375)
371(318) 372(319) 373(320) 401(346) 402(347) 403(348) 431(374) 432(375) 433(376)
372(319) 373(320) 374(321) 402(347) 403(348) 404(349) 432(375) 433(376) 434(377)
373(320) 374(321) 375(322) 403(348) 404(349) 405(350) 433(376) 434(377) 435(378)
374(321) 375(322) 376(323) 404(349) 405(350) 406(351) 434(377) 435(378) 436(379)
375(322) 376(323) 377(324) 405(350) 406(351) 407(352) 435(378) 436(379) 437(380)
376(323) 377(324) 378(325) 406(351) 407(352) 408(353) 436(379) 437(380) 438(381)
377(324) 378(325) 379(326) 407(352) 408(353) 409(354) 437(380) 438(381) 439(382)
378(325) 379(326) 380(327) 408(353) 409(354) 410(355) 438(381) 439(382) 440(383)
379(326) 380(327) 381(328) 409(354) 410(355) 411(356) 439(382) 440(383) 441(384)
380(327) 381(328) 382(329) 410(355) 411(356) 412(357) 440(383) 441(384) 442(385)
381(328) 382(329) 383(330) 411(356) 412(357) 413(358) 441(384) 442(385) 443(386)
382(329) 383(330) 384(331) 412(357) 413(358) 414(359) 442(385) 443(386) 444(387)
383(330) 384(331) 385(332) 413(358) 414(359) 415(360) 443(386) 444(387) 445(388)
384(331) 385(332) 386(333) 414(359) 415(360) 416(361) 444(387) 445(388) 446(389)
385(332) 386(333) 387(334) 415(360) 416(361) 417(362) 445(388) 446(389) 447(390)
386(333) 387(334) 388(335) 416(361) 417(362) 418(363) 446(389) 447(390) 448(391)
387(334) 388(335) 389(PAD) 417(362) 418(363) 419(PAD) 447(390) 448(391) 449(PAD)
390(PAD) 391(336) 392(337) 420(PAD) 421(364) 422(365) 450(PAD) 451(392) 452(393)
391(336) 392(337) 393(338) 421(364) 422(365) 423(366) 451(392) 452(393) 453(394)
392(337) 393(338) 394(339) 422(365) 423(366) 424(367) 452(393) 453(394) 454(395)
393(338) 394(339) 395(340) 423(366) 424(367) 425(368) 453(394) 454(395) 455(396)
394(339) 395(340) 396(341) 424(367) 425(368) 426(369) 454(395) 455(396) 456(397)
395(340) 396(341) 397(342) 425(368) 426(369) 427(370) 455(396) 456(397) 457(398)
396(341) 397(342) 398(343) 426(369) 427(370) 428(371) 456(397) 457(398) 458(399)
397(342) 398(343) 399(344) 427(370) 428(371) 429(372) 457(398) 458(399) 459(400)
398(343) 399(344) 400(345) 428(371) 429(372) 430(373) 458(399) 459(400) 460(401)
399(344) 400(345) 401(346) 429(372) 430(373) 431(374) 459(400) 460(401) 461(402)
400(345) 401(346) 402(347) 430(373) 431(374) 432(375) 460(401) 461(402) 462(403)
401(346) 402(347) 403(348) 431(374) 432(375) 433(376) 461(402) 462(403) 463(404)
402(347) 403(348) 404(349) 432(375) 433(376) 434(377) 462(403) 463(404) 464(405)
403(348) 404(349) 405(350) 433(376) 434(377) 435(378) 463(404) 464(405) 465(406)
404(349) 405(350) 406(351) 434(377) 435(378) 436(379) 464(405) 465(406) 466(407)
405(350) 406(351) 407(352) 435(378) 436(379) 437(380) 465(406) 466(407) 467(408)
406(351) 407(352) 408(353) 436(379) 437(380) 438(381) 466(407) 467(408) 468(409)
407(352) 408(353) 409(354) 437(380) 438(381) 439(382) 467(408) 468(409) 469(410)
408(353) 409(354) 410(355) 438(381) 439(382) 440(383) 468(409) 469(410) 470(411)
409(354) 410(355) 411(356) 439(382) 440(383) 441(384) 469(410) 470(411) 471(412)
410(355) 411(356) 412(357) 440(383) 441(384) 442(385) 470(411) 471(412) 472(413)
411(356) 412(357) 413(358) 441(384) 442(385) 443(386) 471(412) 472(413) 473(414)
412(357) 413(358) 414(359) 442(385) 443(386) 444(387) 472(413) 473(414) 474(415)
413(358) 414(359) 415(360) 443(386) 444(387) 445(388) 473(414) 474(415) 475(416)
414(359) 415(360) 416(361) 444(387) 445(388) 446(389) 474(415) 475(416) 476(417)
415(360) 416(361) 417(362) 445(388) 446(389) 447(390) 475(416) 476(417) 477(418)
416(361) 417(362) 418(363) 446(389) 447(390) 448(391) 476(417) 477(418) 478(419)
417(362) 418(363) 419(PAD) 447(390) 448(391) 449(PAD) 477(418) 478(419) 479(PAD)
420(PAD) 421(364) 422(365) 450(PAD) 451(392) 452(393) 480(PAD) 481(420) 482(421)
421(364) 422(365) 423(366) 451(392) 452(393) 453(394) 481(420) 482(421) 483(422)
422(365) 423(366) 424(367) 452(393) 453(394) 454(395) 482(421) 483(422) 484(423)
423(366) 424(367) 425(368) 453(394) 454(395) 455(396) 483(422) 484(423) 485(424)
424(367) 425(368) 426(369) 454(395) 455(396) 456(397) 484(423) 485(424) 486(425)
425(368) 426(369) 427(370) 455(396) 456(397) 457(398) 485(424) 486(425) 487(426)
426(369) 427(370) 428(371) 456(397) 457(398) 458(399) 486(425) 487(426) 488(427)
427(370) 428(371) 429(372) 457(398) 458(399) 459(400) 487(426) 488(427) 489(428)
428(371) 429(372) 430(373) 458(399) 459(400) 460(401) 488(427) 489(428) 490(429)
429(372) 430(373) 431(374) 459(400) 460(401) 461(402) 489(428) 490(429) 491(430)
430(373) 431(374) 432(375) 460(401) 461(402) 462(403) 490(429) 491(430) 492(431)
431(374) 432(375) 433(376) 461(402) 462(403) 463(404) 491(430) 492(431) 493(432)
432(375) 433(376) 434(377) 462(403) 463(404) 464(405) 492(431) 493(432) 494(433)
433(376) 434(377) 435(378) 463(404) 464(405) 465(406) 493(432) 494(433) 495(434)
434(377) 435(378) 436(379) 464(405) 465(406) 466(407) 494(433) 495(434) 496(435)
435(378) 436(379) 437(380) 465(406) 466(407) 467(408) 495(434) 496(435) 497(436)
436(379) 437(380) 438(381) 466(407) 467(408) 468(409) 496(435) 497(436) 498(437)
437(380) 438(381) 439(382) 467(408) 468(409) 469(410) 497(436) 498(437) 499(438)
438(381) 439(382) 440(383) 468(409) 469(410) 470(411) 498(437) 499(438) 500(439)
439(382) 440(383) 441(384) 469(410) 470(411) 471(412) 499(438) 500(439) 501(440)
440(383) 441(384) 442(385) 470(411) 471(412) 472(413) 500(439) 501(440) 502(441)
441(384) 442(385) 443(386) 471(412) 472(413) 473(414) 501(440) 502(441) 503(442)
442(385) 443(386) 444(387) 472(413) 473(414) 474(415) 502(441) 503(442) 504(443)
443(386) 444(387) 445(388) 473(414) 474(415) 475(416) 503(442) 504(443) 505(444)
444(387) 445(388) 446(389) 474(415) 475(416) 476(417) 504(443) 505(444) 506(445)
445(388) 446(389) 447(390) 475(416) 476(417) 477(418) 505(444) 506(445) 507(446)
446(389) 447(390) 448(391) 476(417) 477(418) 478(419) 506(445) 507(446) 508(447)
447(390) 448(391) 449(PAD) 477(418) 478(419) 479(PAD) 507(446) 508(447) 509(PAD)
450(PAD) 451(392) 452(393) 480(PAD) 481(420) 482(421) 510(PAD) 511(448) 512(449)
451(392) 452(393) 453(394) 481(420) 482(421) 483(422) 511(448) 512(449) 513(450)
452(393) 453(394) 454(395) 482(421) 483(422) 484(423) 512(449) 513(450) 514(451)
453(394) 454(395) 455(396) 483(422) 484(423) 485(424) 513(450) 514(451) 515(452)
454(395) 455(396) 456(397) 484(423) 485(424) 486(425) 514(451) 515(452) 516(453)
455(396) 456(397) 457(398) 485(424) 486(425) 487(426) 515(452) 516(453) 517(454)
456(397) 457(398) 458(399) 486(425) 487(426) 488(427) 516(453) 517(454) 518(455)
457(398) 458(399) 459(400) 487(426) 488(427) 489(428) 517(454) 518(455) 519(456)
458(399) 459(400) 460(401) 488(427) 489(428) 490(429) 518(455) 519(456) 520(457)
459(400) 460(401) 461(402) 489(428) 490(429) 491(430) 519(456) 520(457) 521(458)
460(401) 461(402) 462(403) 490(429) 491(430) 492(431) 520(457) 521(458) 522(459)
461(402) 462(403) 463(404) 491(430) 492(431) 493(432) 521(458) 522(459) 523(460)
462(403) 463(404) 464(405) 492(431) 493(432) 494(433) 522(459) 523(460) 524(461)
463(404) 464(405) 465(406) 493(432) 494(433) 495(434) 523(460) 524(461) 525(462)
464(405) 465(406) 466(407) 494(433) 495(434) 496(435) 524(461) 525(462) 526(463)
465(406) 466(407) 467(408) 495(434) 496(435) 497(436) 525(462) 526(463) 527(464)
466(407) 467(408) 468(409) 496(435) 497(436) 498(437) 526(463) 527(464) 528(465)
467(408) 468(409) 469(410) 497(436) 498(437) 499(438) 527(464) 528(465) 529(466)
468(409) 469(410) 470(411) 498(437) 499(438) 500(439) 528(465) 529(466) 530(467)
469(410) 470(411) 471(412) 499(438) 500(439) 501(440) 529(466) 530(467) 531(468)
470(411) 471(412) 472(413) 500(439) 501(440) 502(441) 530(467) 531(468) 532(469)
471(412) 472(413) 473(414) 501(440) 502(441) 503(442) 531(468) 532(469) 533(470)
472(413) 473(414) 474(415) 502(441) 503(442) 504(443) 532(469) 533(470) 534(471)
473(414) 474(415) 475(416) 503(442) 504(443) 505(444) 533(470) 534(471) 535(472)
474(415) 475(416) 476(417) 504(443) 505(444) 506(445) 534(471) 535(472) 536(473)
475(416) 476(417) 477(418) 505(444) 506(445) 507(446) 535(472) 536(473) 537(474)
476(417) 477(418) 478(419) 506(445) 507(446) 508(447) 536(473) 537(474) 538(475)
477(418) 478(419) 479(PAD) 507(446) 508(447) 509(PAD) 537(474) 538(475) 539(PAD)
480(PAD) 481(420) 482(421) 510(PAD) 511(448) 512(449) 540(PAD) 541(476) 542(477)
481(420) 482(421) 483(422) 511(448) 512(449) 513(450) 541(476) 542(477) 543(478)
482(421) 483(422) 484(423) 512(449) 513(450) 514(451) 542(477) 543(478) 544(479)
483(422) 484(423) 485(424) 513(450) 514(451) 515(452) 543(478) 544(479) 545(480)
484(423) 485(424) 486(425) 514(451) 515(452) 516(453) 544(479) 545(480) 546(481)
485(424) 486(425) 487(426) 515(452) 516(453) 517(454) 545(480) 546(481) 547(482)
486(425) 487(426) 488(427) 516(453) 517(454) 518(455) 546(481) 547(482) 548(483)
487(426) 488(427) 489(428) 517(454) 518(455) 519(456) 547(482) 548(483) 549(484)
488(427) 489(428) 490(429) 518(455) 519(456) 520(457) 548(483) 549(484) 550(485)
489(428) 490(429) 491(430) 519(456) 520(457) 521(458) 549(484) 550(485) 551(486)
490(429) 491(430) 492(431) 520(457) 521(458) 522(459) 550(485) 551(486) 552(487)
491(430) 492(431) 493(432) 521(458) 522(459) 523(460) 551(486) 552(487) 553(488)
492(431) 493(432) 494(433) 522(459) 523(460) 524(461) 552(487) 553(488) 554(489)
493(432) 494(433) 495(434) 523(460) 524(461) 525(462) 553(488) 554(489) 555(490)
494(433) 495(434) 496(435) 524(461) 525(462) 526(463) 554(489) 555(490) 556(491)
495(434) 496(435) 497(436) 525(462) 526(463) 527(464) 555(490) 556(491) 557(492)
496(435) 497(436) 498(437) 526(463) 527(464) 528(465) 556(491) 557(492) 558(493)
497(436) 498(437) 499(438) 527(464) 528(465) 529(466) 557(492) 558(493) 559(494)
498(437) 499(438) 500(439) 528(465) 529(466) 530(467) 558(493) 559(494) 560(495)
499(438) 500(439) 501(440) 529(466) 530(467) 531(468) 559(494) 560(495) 561(496)
500(439) 501(440) 502(441) 530(467) 531(468) 532(469) 560(495) 561(496) 562(497)
501(440) 502(441) 503(442) 531(468) 532(469) 533(470) 561(496) 562(497) 563(498)
502(441) 503(442) 504(443) 532(469) 533(470) 534(471) 562(497) 563(498) 564(499)
503(442) 504(443) 505(444) 533(470) 534(471) 535(472) 563(498) 564(499) 565(500)
504(443) 505(444) 506(445) 534(471) 535(472) 536(473) 564(499) 565(500) 566(501)
505(444) 506(445) 507(446) 535(472) 536(473) 537(474) 565(500) 566(501) 567(502)
506(445) 507(446) 508(447) 536(473) 537(474) 538(475) 566(501) 567(502) 568(503)
507(446) 508(447) 509(PAD) 537(474) 538(475) 539(PAD) 567(502) 568(503) 569(PAD)
510(PAD) 511(448) 512(449) 540(PAD) 541(476) 542(477) 570(PAD) 571(504) 572(505)
511(448) 512(449) 513(450) 541(476) 542(477) 543(478) 571(504) 572(505) 573(506)
512(449) 513(450) 514(451) 542(477) 543(478) 544(479) 572(505) 573(506) 574(507)
513(450) 514(451) 515(452) 543(478) 544(479) 545(480) 573(506) 574(507) 575(508)
514(451) 515(452) 516(453) 544(479) 545(480) 546(481) 574(507) 575(508) 576(509)
515(452) 516(453) 517(454) 545(480) 546(481) 547(482) 575(508) 576(509) 577(510)
516(453) 517(454) 518(455) 546(481) 547(482) 548(483) 576(509) 577(510) 578(511)
517(454) 518(455) 519(456) 547(482) 548(483) 549(484) 577(510) 578(511) 579(512)
518(455) 519(456) 520(457) 548(483) 549(484) 550(485) 578(511) 579(512) 580(513)
519(456) 520(457) 521(458) 549(484) 550(485) 551(486) 579(512) 580(513) 581(514)
520(457) 521(458) 522(459) 550(485) 551(486) 552(487) 580(513) 581(514) 582(515)
521(458) 522(459) 523(460) 551(486) 552(487) 553(488) 581(514) 582(515) 583(516)
522(459) 523(460) 524(461) 552(487) 553(488) 554(489) 582(515) 583(516) 584(517)
523(460) 524(461) 525(462) 553(488) 554(489) 555(490) 583(516) 584(517) 585(518)
524(461) 525(462) 526(463) 554(489) 555(490) 556(491) 584(517) 585(518) 586(519)
525(462) 526(463) 527(464) 555(490) 556(491) 557(492) 585(518) 586(519) 587(520)
526(463) 527(464) 528(465) 556(491) 557(492) 558(493) 586(519) 587(520) 588(521)
527(464) 528(465) 529(466) 557(492) 558(493) 559(494) 587(520) 588(521) 589(522)
528(465) 529(466) 530(467) 558(493) 559(494) 560(495) 588(521) 589(522) 590(523)
529(466) 530(467) 531(468) 559(494) 560(495) 561(496) 589(522) 590(523) 591(524)
530(467) 531(468) 532(469) 560(495) 561(496) 562(497) 590(523) 591(524) 592(525)
531(468) 532(469) 533(470) 561(496) 562(497) 563(498) 591(524) 592(525) 593(526)
532(469) 533(470) 534(471) 562(497) 563(498) 564(499) 592(525) 593(526) 594(527)
533(470) 534(471) 535(472) 563(498) 564(499) 565(500) 593(526) 594(527) 595(528)
534(471) 535(472) 536(473) 564(499) 565(500) 566(501) 594(527) 595(528) 596(529)
535(472) 536(473) 537(474) 565(500) 566(501) 567(502) 595(528) 596(529) 597(530)
536(473) 537(474) 538(475) 566(501) 567(502) 568(503) 596(529) 597(530) 598(531)
537(474) 538(475) 539(PAD) 567(502) 568(503) 569(PAD) 597(530) 598(531) 599(PAD)
540(PAD) 541(476) 542(477) 570(PAD) 571(504) 572(505) 600(PAD) 601(532) 602(533)
541(476) 542(477) 543(478) 571(504) 572(505) 573(506) 601(532) 602(533) 603(534)
542(477) 543(478) 544(479) 572(505) 573(506) 574(507) 602(533) 603(534) 604(535)
543(478) 544(479) 545(480) 573(506) 574(507) 575(508) 603(534) 604(535) 605(536)
544(479) 545(480) 546(481) 574(507) 575(508) 576(509) 604(535) 605(536) 606(537)
545(480) 546(481) 547(482) 575(508) 576(509) 577(510) 605(536) 606(537) 607(538)
546(481) 547(482) 548(483) 576(509) 577(510) 578(511) 606(537) 607(538) 608(539)
547(482) 548(483) 549(484) 577(510) 578(511) 579(512) 607(538) 608(539) 609(540)
548(483) 549(484) 550(485) 578(511) 579(512) 580(513) 608(539) 609(540) 610(541)
549(484) 550(485) 551(486) 579(512) 580(513) 581(514) 609(540) 610(541) 611(542)
550(485) 551(486) 552(487) 580(513) 581(514) 582(515) 610(541) 611(542) 612(543)
551(486) 552(487) 553(488) 581(514) 582(515) 583(516) 611(542) 612(543) 613(544)
552(487) 553(488) 554(489) 582(515) 583(516) 584(517) 612(543) 613(544) 614(545)
553(488) 554(489) 555(490) 583(516) 584(517) 585(518) 613(544) 614(545) 615(546)
554(489) 555(490) 556(491) 584(517) 585(518) 586(519) 614(545) 615(546) 616(547)
555(490) 556(491) 557(492) 585(518) 586(519) 587(520) 615(546) 616(547) 617(548)
556(491) 557(492) 558(493) 586(519) 587(520) 588(521) 616(547) 617(548) 618(549)
557(492) 558(493) 559(494) 587(520) 588(521) 589(522) 617(548) 618(549) 619(550)
558(493) 559(494) 560(495) 588(521) 589(522) 590(523) 618(549) 619(550) 620(551)
559(494) 560(495) 561(496) 589(522) 590(523) 591(524) 619(550) 620(551) 621(552)
560(495) 561(496) 562(497) 590(523) 591(524) 592(525) 620(551) 621(552) 622(553)
561(496) 562(497) 563(498) 591(524) 592(525) 593(526) 621(552) 622(553) 623(554)
562(497) 563(498) 564(499) 592(525) 593(526) 594(527) 622(553) 623(554) 624(555)
563(498) 564(499) 565(500) 593(526) 594(527) 595(528) 623(554) 624(555) 625(556)
564(499) 565(500) 566(501) 594(527) 595(528) 596(529) 624(555) 625(556) 626(557)
565(500) 566(501) 567(502) 595(528) 596(529) 597(530) 625(556) 626(557) 627(558)
566(501) 567(502) 568(503) 596(529) 597(530) 598(531) 626(557) 627(558) 628(559)
567(502) 568(503) 569(PAD) 597(530) 598(531) 599(PAD) 627(558) 628(559) 629(PAD)
570(PAD) 571(504) 572(505) 600(PAD) 601(532) 602(533) 630(PAD) 631(560) 632(561)
571(504) 572(505) 573(506) 601(532) 602(533) 603(534) 631(560) 632(561) 633(562)
572(505) 573(506) 574(507) 602(533) 603(534) 604(535) 632(561) 633(562) 634(563)
573(506) 574(507) 575(508) 603(534) 604(535) 605(536) 633(562) 634(563) 635(564)
574(507) 575(508) 576(509) 604(535) 605(536) 606(537) 634(563) 635(564) 636(565)
575(508) 576(509) 577(510) 605(536) 606(537) 607(538) 635(564) 636(565) 637(566)
576(509) 577(510) 578(511) 606(537) 607(538) 608(539) 636(565) 637(566) 638(567)
577(510) 578(511) 579(512) 607(538) 608(539) 609(540) 637(566) 638(567) 639(568)
578(511) 579(512) 580(513) 608(539) 609(540) 610(541) 638(567) 639(568) 640(569)
579(512) 580(513) 581(514) 609(540) 610(541) 611(542) 639(568) 640(569) 641(570)
580(513) 581(514) 582(515) 610(541) 611(542) 612(543) 640(569) 641(570) 642(571)
581(514) 582(515) 583(516) 611(542) 612(543) 613(544) 641(570) 642(571) 643(572)
582(515) 583(516) 584(517) 612(543) 613(544) 614(545) 642(571) 643(572) 644(573)
583(516) 584(517) 585(518) 613(544) 614(545) 615(546) 643(572) 644(573) 645(574)
584(517) 585(518) 586(519) 614(545) 615(546) 616(547) 644(573) 645(574) 646(575)
585(518) 586(519) 587(520) 615(546) 616(547) 617(548) 645(574) 646(575) 647(576)
586(519) 587(520) 588(521) 616(547) 617(548) 618(549) 646(575) 647(576) 648(577)
587(520) 588(521) 589(522) 617(548) 618(549) 619(550) 647(576) 648(577) 649(578)
588(521) 589(522) 590(523) 618(549) 619(550) 620(551) 648(577) 649(578) 650(579)
589(522) 590(523) 591(524) 619(550) 620(551) 621(552) 649(578) 650(579) 651(580)
590(523) 591(524) 592(525) 620(551) 621(552) 622(553) 650(579) 651(580) 652(581)
591(524) 592(525) 593(526) 621(552) 622(553) 623(554) 651(580) 652(581) 653(582)
592(525) 593(526) 594(527) 622(553) 623(554) 624(555) 652(581) 653(582) 654(583)
593(526) 594(527) 595(528) 623(554) 624(555) 625(556) 653(582) 654(583) 655(584)
594(527) 595(528) 596(529) 624(555) 625(556) 626(557) 654(583) 655(584) 656(585)
595(528) 596(529) 597(530) 625(556) 626(557) 627(558) 655(584) 656(585) 657(586)
596(529) 597(530) 598(531) 626(557) 627(558) 628(559) 656(585) 657(586) 658(587)
597(530) 598(531) 599(PAD) 627(558) 628(559) 629(PAD) 657(586) 658(587) 659(PAD)
600(PAD) 601(532) 602(533) 630(PAD) 631(560) 632(561) 660(PAD) 661(588) 662(589)
601(532) 602(533) 603(534) 631(560) 632(561) 633(562) 661(588) 662(589) 663(590)
602(533) 603(534) 604(535) 632(561) 633(562) 634(563) 662(589) 663(590) 664(591)
603(534) 604(535) 605(536) 633(562) 634(563) 635(564) 663(590) 664(591) 665(592)
604(535) 605(536) 606(537) 634(563) 635(564) 636(565) 664(591) 665(592) 666(593)
605(536) 606(537) 607(538) 635(564) 636(565) 637(566) 665(592) 666(593) 667(594)
606(537) 607(538) 608(539) 636(565) 637(566) 638(567) 666(593) 667(594) 668(595)
607(538) 608(539) 609(540) 637(566) 638(567) 639(568) 667(594) 668(595) 669(596)
608(539) 609(540) 610(541) 638(567) 639(568) 640(569) 668(595) 669(596) 670(597)
609(540) 610(541) 611(542) 639(568) 640(569) 641(570) 669(596) 670(597) 671(598)
610(541) 611(542) 612(543) 640(569) 641(570) 642(571) 670(597) 671(598) 672(599)
611(542) 612(543) 613(544) 641(570) 642(571) 643(572) 671(598) 672(599) 673(600)
612(543) 613(544) 614(545) 642(571) 643(572) 644(573) 672(599) 673(600) 674(601)
613(544) 614(545) 615(546) 643(572) 644(573) 645(574) 673(600) 674(601) 675(602)
614(545) 615(546) 616(547) 644(573) 645(574) 646(575) 674(601) 675(602) 676(603)
615(546) 616(547) 617(548) 645(574) 646(575) 647(576) 675(602) 676(603) 677(604)
616(547) 617(548) 618(549) 646(575) 647(576) 648(577) 676(603) 677(604) 678(605)
617(548) 618(549) 619(550) 647(576) 648(577) 649(578) 677(604) 678(605) 679(606)
618(549) 619(550) 620(551) 648(577) 649(578) 650(579) 678(605) 679(606) 680(607)
619(550) 620(551) 621(552) 649(578) 650(579) 651(580) 679(606) 680(607) 681(608)
620(551) 621(552) 622(553) 650(579) 651(580) 652(581) 680(607) 681(608) 682(609)
621(552) 622(553) 623(554) 651(580) 652(581) 653(582) 681(608) 682(609) 683(610)
622(553) 623(554) 624(555) 652(581) 653(582) 654(583) 682(609) 683(610) 684(611)
623(554) 624(555) 625(556) 653(582) 654(583) 655(584) 683(610) 684(611) 685(612)
624(555) 625(556) 626(557) 654(583) 655(584) 656(585) 684(611) 685(612) 686(613)
625(556) 626(557) 627(558) 655(584) 656(585) 657(586) 685(612) 686(613) 687(614)
626(557) 627(558) 628(559) 656(585) 657(586) 658(587) 686(613) 687(614) 688(615)
627(558) 628(559) 629(PAD) 657(586) 658(587) 659(PAD) 687(614) 688(615) 689(PAD)
630(PAD) 631(560) 632(561) 660(PAD) 661(588) 662(589) 690(PAD) 691(616) 692(617)
631(560) 632(561) 633(562) 661(588) 662(589) 663(590) 691(616) 692(617) 693(618)
632(561) 633(562) 634(563) 662(589) 663(590) 664(591) 692(617) 693(618) 694(619)
633(562) 634(563) 635(564) 663(590) 664(591) 665(592) 693(618) 694(619) 695(620)
634(563) 635(564) 636(565) 664(591) 665(592) 666(593) 694(619) 695(620) 696(621)
635(564) 636(565) 637(566) 665(592) 666(593) 667(594) 695(620) 696(621) 697(622)
636(565) 637(566) 638(567) 666(593) 667(594) 668(595) 696(621) 697(622) 698(623)
637(566) 638(567) 639(568) 667(594) 668(595) 669(596) 697(622) 698(623) 699(624)
638(567) 639(568) 640(569) 668(595) 669(596) 670(597) 698(623) 699(624) 700(625)
639(568) 640(569) 641(570) 669(596) 670(597) 671(598) 699(624) 700(625) 701(626)
640(569) 641(570) 642(571) 670(597) 671(598) 672(599) 700(625) 701(626) 702(627)
641(570) 642(571) 643(572) 671(598) 672(599) 673(600) 701(626) 702(627) 703(628)
642(571) 643(572) 644(573) 672(599) 673(600) 674(601) 702(627) 703(628) 704(629)
643(572) 644(573) 645(574) 673(600) 674(601) 675(602) 703(628) 704(629) 705(630)
644(573) 645(574) 646(575) 674(601) 675(602) 676(603) 704(629) 705(630) 706(631)
645(574) 646(575) 647(576) 675(602) 676(603) 677(604) 705(630) 706(631) 707(632)
646(575) 647(576) 648(577) 676(603) 677(604) 678(605) 706(631) 707(632) 708(633)
647(576) 648(577) 649(578) 677(604) 678(605) 679(606) 707(632) 708(633) 709(634)
648(577) 649(578) 650(579) 678(605) 679(606) 680(607) 708(633) 709(634) 710(635)
649(578) 650(579) 651(580) 679(606) 680(607) 681(608) 709(634) 710(635) 711(636)
650(579) 651(580) 652(581) 680(607) 681(608) 682(609) 710(635) 711(636) 712(637)
651(580) 652(581) 653(582) 681(608) 682(609) 683(610) 711(636) 712(637) 713(638)
652(581) 653(582) 654(583) 682(609) 683(610) 684(611) 712(637) 713(638) 714(639)
653(582) 654(583) 655(584) 683(610) 684(611) 685(612) 713(638) 714(639) 715(640)
654(583) 655(584) 656(585) 684(611) 685(612) 686(613) 714(639) 715(640) 716(641)
655(584) 656(585) 657(586) 685(612) 686(613) 687(614) 715(640) 716(641) 717(642)
656(585) 657(586) 658(587) 686(613) 687(614) 688(615) 716(641) 717(642) 718(643)
657(586) 658(587) 659(PAD) 687(614) 688(615) 689(PAD) 717(642) 718(643) 719(PAD)
660(PAD) 661(588) 662(589) 690(PAD) 691(616) 692(617) 720(PAD) 721(644) 722(645)
661(588) 662(589) 663(590) 691(616) 692(617) 693(618) 721(644) 722(645) 723(646)
662(589) 663(590) 664(591) 692(617) 693(618) 694(619) 722(645) 723(646) 724(647)
663(590) 664(591) 665(592) 693(618) 694(619) 695(620) 723(646) 724(647) 725(648)
664(591) 665(592) 666(593) 694(619) 695(620) 696(621) 724(647) 725(648) 726(649)
665(592) 666(593) 667(594) 695(620) 696(621) 697(622) 725(648) 726(649) 727(650)
666(593) 667(594) 668(595) 696(621) 697(622) 698(623) 726(649) 727(650) 728(651)
667(594) 668(595) 669(596) 697(622) 698(623) 699(624) 727(650) 728(651) 729(652)
668(595) 669(596) 670(597) 698(623) 699(624) 700(625) 728(651) 729(652) 730(653)
669(596) 670(597) 671(598) 699(624) 700(625) 701(626) 729(652) 730(653) 731(654)
670(597) 671(598) 672(599) 700(625) 701(626) 702(627) 730(653) 731(654) 732(655)
671(598) 672(599) 673(600) 701(626) 702(627) 703(628) 731(654) 732(655) 733(656)
672(599) 673(600) 674(601) 702(627) 703(628) 704(629) 732(655) 733(656) 734(657)
673(600) 674(601) 675(602) 703(628) 704(629) 705(630) 733(656) 734(657) 735(658)
674(601) 675(602) 676(603) 704(629) 705(630) 706(631) 734(657) 735(658) 736(659)
675(602) 676(603) 677(604) 705(630) 706(631) 707(632) 735(658) 736(659) 737(660)
676(603) 677(604) 678(605) 706(631) 707(632) 708(633) 736(659) 737(660) 738(661)
677(604) 678(605) 679(606) 707(632) 708(633) 709(634) 737(660) 738(661) 739(662)
678(605) 679(606) 680(607) 708(633) 709(634) 710(635) 738(661) 739(662) 740(663)
679(606) 680(607) 681(608) 709(634) 710(635) 711(636) 739(662) 740(663) 741(664)
680(607) 681(608) 682(609) 710(635) 711(636) 712(637) 740(663) 741(664) 742(665)
681(608) 682(609) 683(610) 711(636) 712(637) 713(638) 741(664) 742(665) 743(666)
682(609) 683(610) 684(611) 712(637) 713(638) 714(639) 742(665) 743(666) 744(667)
683(610) 684(611) 685(612) 713(638) 714(639) 715(640) 743(666) 744(667) 745(668)
684(611) 685(612) 686(613) 714(639) 715(640) 716(641) 744(667) 745(668) 746(669)
685(612) 686(613) 687(614) 715(640) 716(641) 717(642) 745(668) 746(669) 747(670)
686(613) 687(614) 688(615) 716(641) 717(642) 718(643) 746(669) 747(670) 748(671)
687(614) 688(615) 689(PAD) 717(642) 718(643) 719(PAD) 747(670) 748(671) 749(PAD)
690(PAD) 691(616) 692(617) 720(PAD) 721(644) 722(645) 750(PAD) 751(672) 752(673)
691(616) 692(617) 693(618) 721(644) 722(645) 723(646) 751(672) 752(673) 753(674)
692(617) 693(618) 694(619) 722(645) 723(646) 724(647) 752(673) 753(674) 754(675)
693(618) 694(619) 695(620) 723(646) 724(647) 725(648) 753(674) 754(675) 755(676)
694(619) 695(620) 696(621) 724(647) 725(648) 726(649) 754(675) 755(676) 756(677)
695(620) 696(621) 697(622) 725(648) 726(649) 727(650) 755(676) 756(677) 757(678)
696(621) 697(622) 698(623) 726(649) 727(650) 728(651) 756(677) 757(678) 758(679)
697(622) 698(623) 699(624) 727(650) 728(651) 729(652) 757(678) 758(679) 759(680)
698(623) 699(624) 700(625) 728(651) 729(652) 730(653) 758(679) 759(680) 760(681)
699(624) 700(625) 701(626) 729(652) 730(653) 731(654) 759(680) 760(681) 761(682)
700(625) 701(626) 702(627) 730(653) 731(654) 732(655) 760(681) 761(682) 762(683)
701(626) 702(627) 703(628) 731(654) 732(655) 733(656) 761(682) 762(683) 763(684)
702(627) 703(628) 704(629) 732(655) 733(656) 734(657) 762(683) 763(684) 764(685)
703(628) 704(629) 705(630) 733(656) 734(657) 735(658) 763(684) 764(685) 765(686)
704(629) 705(630) 706(631) 734(657) 735(658) 736(659) 764(685) 765(686) 766(687)
705(630) 706(631) 707(632) 735(658) 736(659) 737(660) 765(686) 766(687) 767(688)
706(631) 707(632) 708(633) 736(659) 737(660) 738(661) 766(687) 767(688) 768(689)
707(632) 708(633) 709(634) 737(660) 738(661) 739(662) 767(688) 768(689) 769(690)
708(633) 709(634) 710(635) 738(661) 739(662) 740(663) 768(689) 769(690) 770(691)
709(634) 710(635) 711(636) 739(662) 740(663) 741(664) 769(690) 770(691) 771(692)
710(635) 711(636) 712(637) 740(663) 741(664) 742(665) 770(691) 771(692) 772(693)
711(636) 712(637) 713(638) 741(664) 742(665) 743(666) 771(692) 772(693) 773(694)
712(637) 713(638) 714(639) 742(665) 743(666) 744(667) 772(693) 773(694) 774(695)
713(638) 714(639) 715(640) 743(666) 744(667) 745(668) 773(694) 774(695) 775(696)
714(639) 715(640) 716(641) 744(667) 745(668) 746(669) 774(695) 775(696) 776(697)
715(640) 716(641) 717(642) 745(668) 746(669) 747(670) 775(696) 776(697) 777(698)
716(641) 717(642) 718(643) 746(669) 747(670) 748(671) 776(697) 777(698) 778(699)
717(642) 718(643) 719(PAD) 747(670) 748(671) 749(PAD) 777(698) 778(699) 779(PAD)
720(PAD) 721(644) 722(645) 750(PAD) 751(672) 752(673) 780(PAD) 781(700) 782(701)
721(644) 722(645) 723(646) 751(672) 752(673) 753(674) 781(700) 782(701) 783(702)
722(645) 723(646) 724(647) 752(673) 753(674) 754(675) 782(701) 783(702) 784(703)
723(646) 724(647) 725(648) 753(674) 754(675) 755(676) 783(702) 784(703) 785(704)
724(647) 725(648) 726(649) 754(675) 755(676) 756(677) 784(703) 785(704) 786(705)
725(648) 726(649) 727(650) 755(676) 756(677) 757(678) 785(704) 786(705) 787(706)
726(649) 727(650) 728(651) 756(677) 757(678) 758(679) 786(705) 787(706) 788(707)
727(650) 728(651) 729(652) 757(678) 758(679) 759(680) 787(706) 788(707) 789(708)
728(651) 729(652) 730(653) 758(679) 759(680) 760(681) 788(707) 789(708) 790(709)
729(652) 730(653) 731(654) 759(680) 760(681) 761(682) 789(708) 790(709) 791(710)
730(653) 731(654) 732(655) 760(681) 761(682) 762(683) 790(709) 791(710) 792(711)
731(654) 732(655) 733(656) 761(682) 762(683) 763(684) 791(710) 792(711) 793(712)
732(655) 733(656) 734(657) 762(683) 763(684) 764(685) 792(711) 793(712) 794(713)
733(656) 734(657) 735(658) 763(684) 764(685) 765(686) 793(712) 794(713) 795(714)
734(657) 735(658) 736(659) 764(685) 765(686) 766(687) 794(713) 795(714) 796(715)
735(658) 736(659) 737(660) 765(686) 766(687) 767(688) 795(714) 796(715) 797(716)
736(659) 737(660) 738(661) 766(687) 767(688) 768(689) 796(715) 797(716) 798(717)
737(660) 738(661) 739(662) 767(688) 768(689) 769(690) 797(716) 798(717) 799(718)
738(661) 739(662) 740(663) 768(689) 769(690) 770(691) 798(717) 799(718) 800(719)
739(662) 740(663) 741(664) 769(690) 770(691) 771(692) 799(718) 800(719) 801(720)
740(663) 741(664) 742(665) 770(691) 771(692) 772(693) 800(719) 801(720) 802(721)
741(664) 742(665) 743(666) 771(692) 772(693) 773(694) 801(720) 802(721) 803(722)
742(665) 743(666) 744(667) 772(693) 773(694) 774(695) 802(721) 803(722) 804(723)
743(666) 744(667) 745(668) 773(694) 774(695) 775(696) 803(722) 804(723) 805(724)
744(667) 745(668) 746(669) 774(695) 775(696) 776(697) 804(723) 805(724) 806(725)
745(668) 746(669) 747(670) 775(696) 776(697) 777(698) 805(724) 806(725) 807(726)
746(669) 747(670) 748(671) 776(697) 777(698) 778(699) 806(725) 807(726) 808(727)
747(670) 748(671) 749(PAD) 777(698) 778(699) 779(PAD) 807(726) 808(727) 809(PAD)
750(PAD) 751(672) 752(673) 780(PAD) 781(700) 782(701) 810(PAD) 811(728) 812(729)
751(672) 752(673) 753(674) 781(700) 782(701) 783(702) 811(728) 812(729) 813(730)
752(673) 753(674) 754(675) 782(701) 783(702) 784(703) 812(729) 813(730) 814(731)
753(674) 754(675) 755(676) 783(702) 784(703) 785(704) 813(730) 814(731) 815(732)
754(675) 755(676) 756(677) 784(703) 785(704) 786(705) 814(731) 815(732) 816(733)
755(676) 756(677) 757(678) 785(704) 786(705) 787(706) 815(732) 816(733) 817(734)
756(677) 757(678) 758(679) 786(705) 787(706) 788(707) 816(733) 817(734) 818(735)
757(678) 758(679) 759(680) 787(706) 788(707) 789(708) 817(734) 818(735) 819(736)
758(679) 759(680) 760(681) 788(707) 789(708) 790(709) 818(735) 819(736) 820(737)
759(680) 760(681) 761(682) 789(708) 790(709) 791(710) 819(736) 820(737) 821(738)
760(681) 761(682) 762(683) 790(709) 791(710) 792(711) 820(737) 821(738) 822(739)
761(682) 762(683) 763(684) 791(710) 792(711) 793(712) 821(738) 822(739) 823(740)
762(683) 763(684) 764(685) 792(711) 793(712) 794(713) 822(739) 823(740) 824(741)
763(684) 764(685) 765(686) 793(712) 794(713) 795(714) 823(740) 824(741) 825(742)
764(685) 765(686) 766(687) 794(713) 795(714) 796(715) 824(741) 825(742) 826(743)
765(686) 766(687) 767(688) 795(714) 796(715) 797(716) 825(742) 826(743) 827(744)
766(687) 767(688) 768(689) 796(715) 797(716) 798(717) 826(743) 827(744) 828(745)
767(688) 768(689) 769(690) 797(716) 798(717) 799(718) 827(744) 828(745) 829(746)
768(689) 769(690) 770(691) 798(717) 799(718) 800(719) 828(745) 829(746) 830(747)
769(690) 770(691) 771(692) 799(718) 800(719) 801(720) 829(746) 830(747) 831(748)
770(691) 771(692) 772(693) 800(719) 801(720) 802(721) 830(747) 831(748) 832(749)
771(692) 772(693) 773(694) 801(720) 802(721) 803(722) 831(748) 832(749) 833(750)
772(693) 773(694) 774(695) 802(721) 803(722) 804(723) 832(749) 833(750) 834(751)
773(694) 774(695) 775(696) 803(722) 804(723) 805(724) 833(750) 834(751) 835(752)
774(695) 775(696) 776(697) 804(723) 805(724) 806(725) 834(751) 835(752) 836(753)
775(696) 776(697) 777(698) 805(724) 806(725) 807(726) 835(752) 836(753) 837(754)
776(697) 777(698) 778(699) 806(725) 807(726) 808(727) 836(753) 837(754) 838(755)
777(698) 778(699) 779(PAD) 807(726) 808(727) 809(PAD) 837(754) 838(755) 839(PAD)
780(PAD) 781(700) 782(701) 810(PAD) 811(728) 812(729) 840(PAD) 841(756) 842(757)
781(700) 782(701) 783(702) 811(728) 812(729) 813(730) 841(756) 842(757) 843(758)
782(701) 783(702) 784(703) 812(729) 813(730) 814(731) 842(757) 843(758) 844(759)
783(702) 784(703) 785(704) 813(730) 814(731) 815(732) 843(758) 844(759) 845(760)
784(703) 785(704) 786(705) 814(731) 815(732) 816(733) 844(759) 845(760) 846(761)
785(704) 786(705) 787(706) 815(732) 816(733) 817(734) 845(760) 846(761) 847(762)
786(705) 787(706) 788(707) 816(733) 817(734) 818(735) 846(761) 847(762) 848(763)
787(706) 788(707) 789(708) 817(734) 818(735) 819(736) 847(762) 848(763) 849(764)
788(707) 789(708) 790(709) 818(735) 819(736) 820(737) 848(763) 849(764) 850(765)
789(708) 790(709) 791(710) 819(736) 820(737) 821(738) 849(764) 850(765) 851(766)
790(709) 791(710) 792(711) 820(737) 821(738) 822(739) 850(765) 851(766) 852(767)
791(710) 792(711) 793(712) 821(738) 822(739) 823(740) 851(766) 852(767) 853(768)
792(711) 793(712) 794(713) 822(739) 823(740) 824(741) 852(767) 853(768) 854(769)
793(712) 794(713) 795(714) 823(740) 824(741) 825(742) 853(768) 854(769) 855(770)
794(713) 795(714) 796(715) 824(741) 825(742) 826(743) 854(769) 855(770) 856(771)
795(714) 796(715) 797(716) 825(742) 826(743) 827(744) 855(770) 856(771) 857(772)
796(715) 797(716) 798(717) 826(743) 827(744) 828(745) 856(771) 857(772) 858(773)
797(716) 798(717) 799(718) 827(744) 828(745) 829(746) 857(772) 858(773) 859(774)
798(717) 799(718) 800(719) 828(745) 829(746) 830(747) 858(773) 859(774) 860(775)
799(718) 800(719) 801(720) 829(746) 830(747) 831(748) 859(774) 860(775) 861(776)
800(719) 801(720) 802(721) 830(747) 831(748) 832(749) 860(775) 861(776) 862(777)
801(720) 802(721) 803(722) 831(748) 832(749) 833(750) 861(776) 862(777) 863(778)
802(721) 803(722) 804(723) 832(749) 833(750) 834(751) 862(777) 863(778) 864(779)
803(722) 804(723) 805(724) 833(750) 834(751) 835(752) 863(778) 864(779) 865(780)
804(723) 805(724) 806(725) 834(751) 835(752) 836(753) 864(779) 865(780) 866(781)
805(724) 806(725) 807(726) 835(752) 836(753) 837(754) 865(780) 866(781) 867(782)
806(725) 807(726) 808(727) 836(753) 837(754) 838(755) 866(781) 867(782) 868(783)
807(726) 808(727) 809(PAD) 837(754) 838(755) 839(PAD) 867(782) 868(783) 869(PAD)
810(PAD) 811(728) 812(729) 840(PAD) 841(756) 842(757) 870(PAD) 871(PAD) 872(PAD)
811(728) 812(729) 813(730) 841(756) 842(757) 843(758) 871(PAD) 872(PAD) 873(PAD)
812(729) 813(730) 814(731) 842(757) 843(758) 844(759) 872(PAD) 873(PAD) 874(PAD)
813(730) 814(731) 815(732) 843(758) 844(759) 845(760) 873(PAD) 874(PAD) 875(PAD)
814(731) 815(732) 816(733) 844(759) 845(760) 846(761) 874(PAD) 875(PAD) 876(PAD)
815(732) 816(733) 817(734) 845(760) 846(761) 847(762) 875(PAD) 876(PAD) 877(PAD)
816(733) 817(734) 818(735) 846(761) 847(762) 848(763) 876(PAD) 877(PAD) 878(PAD)
817(734) 818(735) 819(736) 847(762) 848(763) 849(764) 877(PAD) 878(PAD) 879(PAD)
818(735) 819(736) 820(737) 848(763) 849(764) 850(765) 878(PAD) 879(PAD) 880(PAD)
819(736) 820(737) 821(738) 849(764) 850(765) 851(766) 879(PAD) 880(PAD) 881(PAD)
820(737) 821(738) 822(739) 850(765) 851(766) 852(767) 880(PAD) 881(PAD) 882(PAD)
821(738) 822(739) 823(740) 851(766) 852(767) 853(768) 881(PAD) 882(PAD) 883(PAD)
822(739) 823(740) 824(741) 852(767) 853(768) 854(769) 882(PAD) 883(PAD) 884(PAD)
823(740) 824(741) 825(742) 853(768) 854(769) 855(770) 883(PAD) 884(PAD) 885(PAD)
824(741) 825(742) 826(743) 854(769) 855(770) 856(771) 884(PAD) 885(PAD) 886(PAD)
825(742) 826(743) 827(744) 855(770) 856(771) 857(772) 885(PAD) 886(PAD) 887(PAD)
826(743) 827(744) 828(745) 856(771) 857(772) 858(773) 886(PAD) 887(PAD) 888(PAD)
827(744) 828(745) 829(746) 857(772) 858(773) 859(774) 887(PAD) 888(PAD) 889(PAD)
828(745) 829(746) 830(747) 858(773) 859(774) 860(775) 888(PAD) 889(PAD) 890(PAD)
829(746) 830(747) 831(748) 859(774) 860(775) 861(776) 889(PAD) 890(PAD) 891(PAD)
830(747) 831(748) 832(749) 860(775) 861(776) 862(777) 890(PAD) 891(PAD) 892(PAD)
831(748) 832(749) 833(750) 861(776) 862(777) 863(778) 891(PAD) 892(PAD) 893(PAD)
832(749) 833(750) 834(751) 862(777) 863(778) 864(779) 892(PAD) 893(PAD) 894(PAD)
833(750) 834(751) 835(752) 863(778) 864(779) 865(780) 893(PAD) 894(PAD) 895(PAD)
834(751) 835(752) 836(753) 864(779) 865(780) 866(781) 894(PAD) 895(PAD) 896(PAD)
835(752) 836(753) 837(754) 865(780) 866(781) 867(782) 895(PAD) 896(PAD) 897(PAD)
836(753) 837(754) 838(755) 866(781) 867(782) 868(783) 896(PAD) 897(PAD) 898(PAD)
837(754) 838(755) 839(PAD) 867(782) 868(783) 869(PAD) 897(PAD) 898(PAD) 899(PAD)
